1421490,2278136199,1
1254320,2539785009,6
2835840,3189552607,1
1012500,3723557127,6
1299740,273839324,1
1602550,753685222,1
1239070,166447238,1
1342340,1647204842,1
1219980,2861341072,1
1219510,2426907732,2
1568920,650825292,1
1416700,2519781428,1
1461410,2835763194,2
1453190,3892561759,2
1013130,3584139315,3
1854880,2306481134,1
2029460,1827863540,1
2381780,1446220035,1
1495000,3266115375,2
1872820,1588846866,1
1343100,3207944189,1
2098230,3200236335,1
1600240,1240013827,1
1345605,3780233213,3
1386430,3251254523,1
1077550,3403221167,2
1335640,985336167,1
1562350,4280520068,3
1586390,2610704791,1
1281020,345772560,10
1172000,2395646858,1
1006380,76748642,3
1202710,1485937856,2
2100980,1953087620,1
2620140,330699633,1
1198170,1737854405,2
1478240,1785051214,1
1547720,1154899103,7
2556040,1530124694,1
2733780,1199165028,1
1590970,1032415203,1
1165090,1863078015,1
1089050,3892147009,3
2850537,3893251447,1
1548570,2563922050,1
1259440,3269624392,1
1297760,4237589268,1
5045218,1541759806,1
1302280,4045104042,1
2841446,4284193960,1
1333460,2641772800,4
1420730,1715998700,1
2771030,4022949342,1
1188350,3865550272,1
1344120,1773469926,1
1541900,2169398293,2
1101440,1207485674,9
1452120,3986312569,1
1511790,3560683590,1
2722660,4006698906,1
1130650,3164628516,1
1002940,3657161200,12
1333750,2203794920,1
1159090,2413176057,1
2069220,1823107010,1
1120410,3764398566,1
1296400,2007970197,34
1791750,3032283918,3
1421900,2581620491,1
2234750,4128552004,1
1409760,68555377,2
1326980,3980866919,2
1375610,4283029021,38
1010900,4014358454,2
1193610,1827196010,32
1166510,1926421814,1
1373060,2023208463,1
2028260,2275676842,1
1583250,895807069,3
1275640,1713518330,1
1295910,2786248775,1
1320390,994927244,1
1318680,3189776031,1
1584100,1994627814,1
1357030,3001925818,1
1001130,2610230551,2
1339220,1558085972,1
1343100,1501191988,2
1008340,3145255706,3
1955810,1716561590,1
2826345,2710563728,1
1335480,2235577008,1
1402730,3499277923,2
1157510,4177008775,2
1562560,2634950139,1
1587030,122607302,1
2130430,2379602041,2
1586730,2007969327,1
2398550,2324635303,1
5379582,2940834275,3
1559510,2640842048,1
1582920,1661097812,1
1368740,3956955803,1
2021270,1558416093,1
2249860,1755344108,1
2150610,1824157970,1
1534930,1034483851,1
1255530,2565385542,1
1327190,1956045185,2
1478200,3300117408,2
1602220,3358634609,2
1013190,2195602329,12
1260670,1953828425,1
2837117,3865565497,1
1211310,2432331777,1
1151270,1272899304,1
5169920,2156591032,17
2087820,3736749185,4
1547720,2798731624,13
2029090,2204195720,179
1334570,3889686904,1
1387990,406160283,4
1483160,344279449,12
1885090,430897525,1
1171900,2007972807,1
2153740,1953844085,1
1603990,3145968104,1
5741841,2312393864,1
2258900,4283591041,1
1610040,104664582,1
2135280,230195395,7
1377590,3438495985,5
1009500,1375191222,26
1283190,3064717489,5
1289590,1584746423,3
1164510,1665959651,1
1006850,1907655457,3
1409800,1719700985,5
1012980,4075472354,36
1355840,3306572937,1
2834429,94323874,1
1516930,1955715020,9
1160830,1419563621,2
2555520,162534818,2
1301420,2579332853,3
2824350,4266705388,1
1201190,1961359145,7
1207590,1020149719,6
1427110,2183690622,1
5023151,759054012,1
1179840,1177001260,1
1190860,1129441285,1
1250610,1740979880,2
1117530,1406851593,1
2251080,1713507455,1
1288850,1736536790,18
1244950,2204199200,1
1151120,1102394272,1
1605680,2204674220,3
1365770,453027379,1
1355810,248335291,4
1501390,265224392,1
1227560,665431007,1
2029010,2204186150,127
2722660,1641287023,5
1559160,3768467195,26
1596050,1059827290,1
1010080,3189537382,14
1492570,1089802482,1
2844736,3198459191,2
1401240,4141191140,2
1407980,948304886,4
2229180,593800871,2
1220570,173711618,2
1153910,566230442,1
1846830,634760872,1
2149890,1736745155,3
1163340,1849266734,3
1628500,548169701,15
1414470,426346126,1
1172400,2306677754,1
1541050,3220371692,1
1611750,2443301891,1
1318970,3673837560,1
1477780,2309569468,1
1420490,2088611153,1
1530650,638190784,1
1004590,3208553127,3
1605970,4137348017,1
1420800,2276997369,1
1008120,1286436217,2
1835630,419389703,1
1601830,2079310990,1
2082450,1717602545,4
1355120,1576986911,1
1215960,694567870,1
1547330,2301952425,2
1631660,1718997733,1
1586500,2260881793,1
1506050,355195904,8
1105160,2282672944,1
1546200,1829137850,4
1523270,3955909151,3
1758280,2266354185,1
1309290,3120313370,1
1304480,476131139,3
1247260,706284616,1
1546590,1209432409,1
1257040,1458033772,1
2029050,296112969,1
1576250,2065473914,1
1291620,2653736811,8
2129880,3488572739,1
2831574,2582901710,1
2527710,2452160006,12
2006580,1960667060,1
1543110,2478011489,6
1632180,3980863004,2
2029110,4283592781,6
1554640,2649927170,1
1231650,1964658874,1
1311110,1819875830,2
1207610,2656055797,1
2440220,2207555775,1
2742430,3315986545,1
2643970,319715906,8
2594050,2522452160,1
1433570,445023291,1
1454510,3967849502,4
1057570,3324751851,1
1577985,3940738813,3
1631370,1164537290,1
1568640,3698647238,1
1604290,266779078,1
2029460,3397218661,1
1877870,1975051041,1
2831062,547985696,1
1470840,319071345,1
1585230,1737376340,1
2827849,2287521338,2
2083540,1297926286,2
2210280,426795808,1
1430250,2647669520,1
1288810,1661287907,14
1530610,1136376301,1
1510790,1860281155,5
2733720,4242723561,2
1259290,3110766742,17
1321130,4074631754,1
1564320,1712138075,2
1451730,1713837620,1
1236410,3587183618,1
1623520,2462246297,1
2128080,2741230967,1
1481920,1699010412,1
2711110,3941299093,5
1241820,2457324934,1
1588730,490270093,1
1285130,2876704385,1
1577140,157202305,9
1597040,1419495272,1
1531030,728180033,1
1427100,4273004813,2
1236690,1562091155,1
2728600,3716467072,1
1929870,2643323000,1
1516260,3841110610,1
1195960,460364290,3
1422440,3693787475,1
1654850,1572456240,1
1360010,2923483838,3
2028980,2204748170,110
1298460,442827253,1
1522370,3964286816,3
2848301,1286426212,6
1469850,2936818573,4
1392380,241877263,3
2144100,1775333449,1
1330290,3271258589,1
1432850,70933296,1
1955950,1721083850,2
1517480,3012958391,1
1336820,3870032381,1
1254440,3783200380,1
1606560,2821891307,1
1579110,1518746816,7
1548550,1271807159,2
2842282,3918740999,3
2842028,2898717540,2
1116400,364273653,11
2847931,2345223894,1
1301330,2451669923,1
1522330,3110285300,1
1254760,3574429393,1
1373520,1953766655,1
1868140,2177275589,1
1076500,4049565058,1
1501480,2380358343,1
1009970,2452151306,1
1402870,3255262498,1
1364440,1820358245,32
1181060,1314516025,1
1184270,1444587179,5
1604570,1176293899,3
1238610,4279487635,1
2826528,2204210510,1
1585410,3145960709,3
2558020,3719379145,1
1501040,1358321774,1
1226990,2227281552,1
1098390,469732023,4
1188880,81884087,1
2840112,2186130981,1
1168660,2195601894,1
1223615,2892243882,1
1593070,2076013981,1
1008420,2886406667,5
1208870,1986383503,1
1466950,2432871800,2
1645640,2022085025,1
2834429,129168886,1
1185200,3751954712,2
1535880,216748198,2
1281000,2392381146,1
1294170,753253362,2
1578850,895804024,10
1200740,2647709884,1
2600310,1712217245,1
1236170,1269719575,1
1076000,330862449,1
2667510,2194916334,3
2765700,1661097812,1
1098160,625413456,2
1423430,3614179857,1
1475480,4181590396,1
1580555,2787937445,30
2098210,3639391978,2
1436730,2669800600,2
1552090,1961339135,1
1370760,53703612,1
1262530,3375795304,1
1008950,195385567,1
2082160,1719503060,1
1433280,575706861,1
1262880,1721592800,2
1325590,3910035231,3
1945630,2268714768,1
1467530,2964792240,2
1730040,3035152783,4
1590040,2627314006,1
1253780,1541450521,1
2131280,2343887161,1
1559900,3102540608,1
1525860,217381317,1
1281720,935958465,1
1591110,3865890281,4
1277730,419784333,1
1445450,565302587,1
1404975,2342358459,3
2670210,3428928713,1
2222180,2348037697,1
1342530,1712198975,1
1376630,3821127640,1
1188270,2294668430,10
1073960,2387352012,1
1455170,3217594753,1
1548840,3386729103,1
2100710,344191203,2
2654310,2195424414,3
1559160,4211834625,1
1310680,2812592538,2
1247030,3664104734,1
1188490,2294097710,2
1195970,1414947448,4
1310460,2572323919,3
1163400,1844934569,3
2083720,4287690368,1
1119530,1905906440,2
1409140,1737569915,2
1164170,4004628005,1
1623500,1105865751,1
1615840,1661286167,1
1254130,1732265555,1
1467760,2791146762,1
1000580,4186488184,2
1006830,3897410090,1
1577120,4283579731,2
1455670,1184202464,1
1012480,3723549732,24
1459720,2650947680,1
1422970,2035134244,1
1225090,1956496715,2
2556690,3796030608,1
1409110,748966274,6
1502390,1828590620,1
1659050,898991473,1
2083990,1825065188,1
1119470,2833542961,1
1279310,1281034997,1
1445030,395755061,1
2108470,3078709630,3
1151260,1843493539,4
1579080,2643952445,1
2849629,2668186354,1
1479890,2835063332,1
1549040,135582600,1
1352950,2057326444,1
1155120,2826027899,8
2836253,3258453994,1
1360640,3050761808,1
1077030,748865789,1
1004200,4183125312,1
2615440,985320942,1
1227720,300923627,1
1143920,601704501,1
1450270,1702977109,1
1628530,3728015329,3
1246550,228632697,1
1312260,746797599,1
1603240,3098244221,1
1429340,2782765730,3
1487660,3956185817,6
1000580,2007967152,5
1326290,3912126711,2
2638590,3711033125,1
1297110,1964085109,1
2399110,1395090323,2
2740860,325896036,2
1161170,2066314769,1
1359810,3594185874,1
1078040,1711133160,1
1211230,1601467746,1
2100900,3209364575,3
2139720,2204186585,31
1579350,1737110120,1
1706740,3050466223,1
1208870,2019398281,1
1069010,2562036760,1
2692240,3381586917,1
1444840,3320652052,2
2701570,2321769744,2
1587580,1802275174,1
1583460,1573455288,1
1216410,3737191057,1
2084050,1845868563,2
2093030,4293666883,4
2849249,2429613178,1
1510650,1247002465,1
2820740,4104852194,1
1189130,195383392,1
1008920,4106801420,1
1305990,44399515,1
1012520,1565457737,1
1512020,4214814495,1
1328820,985333122,1
2844997,1339423548,1
1304420,3409095167,1
1985560,3055051315,1
1422050,317908000,1
1003770,2298599309,1
2087820,625342565,1
1550840,2620033746,1
1449090,1146402261,1
2272480,4151020588,6
1595970,3913626984,1
2026640,1243250876,2
1469800,2204385815,1
2847552,2553245470,1
1394800,3760465512,2
1215810,460230325,3
1007340,1339419198,32
1390780,1960845845,1
1012840,676361995,2
1205830,1375463626,7
2395070,625981626,1
2845503,2542152622,2
1469870,2937358843,1
2711110,3940792753,3
1242160,1490309084,2
1224690,2204212250,1
1501400,21135017,1
1169870,2839775424,3
1586250,191844403,2
1429620,1217674622,1
1420070,83466743,2
1132620,956592311,1
1069520,1603951725,7
1431850,3225053589,2
2092960,3315235820,2
1007130,958263740,5
1320830,4293065264,2
1389680,2712331193,1
1530280,3147259932,1
2219050,2204762960,4
1406820,1163802426,1
2011360,4173404700,1
1462950,1094275929,1
2754040,3059244994,1
1536010,1044700630,3
1451210,2393840321,5
1532410,2850819508,2
1429700,3198689825,9
1406050,2612641613,2
1419990,1829125235,4
1523150,3834611141,1
1546640,895877539,2
1527560,2865993823,1
1591100,4008541377,1
1009400,3667125699,1
2394470,43389433,1
2029110,2906018727,1
1954560,3625942436,1
2663180,2754497613,1
1592100,1355670732,5
1012670,1514787574,1
1345140,1109113150,1
2093510,3557422227,1
1289370,1763369501,2
1467130,3632721929,1
2029080,2204743820,28
1605820,2194927644,3
1504880,4186277434,1
1646590,163322964,1
1160790,1737107075,5
1525280,246797213,1
2078550,1953784055,2
1444190,3208022054,1
1008910,157196650,13
1450320,4211017498,1
1606560,1813975436,11
1436510,3936344121,7
1165970,1850613059,6
1171170,308970937,1
1315710,4070050618,1
1189360,1680194524,1
1535850,216180523,1
1307770,1719201605,2
1352320,958920641,1
2711110,1448319083,1
1497680,820472436,1
2762810,2572925498,1
1605580,3821895453,1
1586350,2008532217,1
2839693,1329779993,1
2394370,2008526562,7
1432920,70749291,1
1327460,1370219703,1
1956400,2655225905,1
2847877,1460798249,1
1315840,3980790794,2
1318090,3223534641,1
1502860,1712209850,5
1264540,2755397191,1
1299130,3826622234,1
1478330,2647674740,1
1279370,3661420198,1
2029110,4283222161,10
1323080,2784850250,1
2837148,3483931204,1
1000420,2008528737,15
1442260,243515763,1
1013290,4283972648,1
1596410,577251389,1
1658770,1988831911,1
1505670,3963816862,1
1532420,4071601333,1
1831080,2811386632,1
1535270,4005000797,1
2845468,407453822,1
1320640,2783315570,2
2087950,291811689,1
1264650,3479250095,4
2698210,163300850,1
1296300,1964085544,1
1166060,2063569049,1
1477810,2302013953,2
1189000,1680184954,2
1462920,2840975364,1
2273780,1956040400,1
1278610,2986152396,1
1594190,1466682615,1
2122160,3518350011,2
1603980,3911406781,1
1307720,4819648,1
1378450,1829142635,1
2086960,2204748605,23
2082140,1448317343,1
2816240,2395167789,1
1404820,844441131,1
1221270,1589949286,1
1155180,2741065439,1
1228140,682416749,1
1605870,2194932429,2
2607690,3092137791,1
1591030,960043027,2
2410170,3304397271,1
1475520,253964778,1
1500720,3311827116,1
2051560,3468891359,1
1614350,125662442,1
1482010,928451088,3
1009410,1224676581,2
1240825,2548151878,1
1498460,907453136,3
1565440,2008540917,15
1008460,547989611,19
1524690,974889004,1
1510640,1717613855,6
1359620,2784150580,1
2457920,4047505990,9
1302680,1719985910,4
1362010,2844853577,1
1031600,442376737,1
1416220,2650186865,9
1287410,2798734234,1
1604890,1831216715,3
2183260,2646133535,2
1343340,2033167783,1
2762750,235543650,5
2841290,3399471717,1
2256180,2098527241,1
1600270,2486780693,3
1443840,3633371468,2
2151700,528313036,1
1208980,230841238,2
1315840,1953013670,18
1247610,4085120142,1
2055940,2471028848,1
1606620,291816039,1
1216280,1125734134,2
1259290,2104828696,12
1281040,27602782,1
1305170,2608118343,1
1238680,2331949400,1
1299400,2373372162,1
1012510,4131956898,2
1295060,2037307996,4
2840173,371043651,1
1598810,1719968075,1
1444010,1598340266,2
2620900,2686975148,1
1212670,991582954,1
1178450,3396659926,1
1012620,3265025033,10
1613340,1179268852,1
1284430,828367074,1
1517090,1634225094,1
1202450,2852147208,1
1405800,984607581,1
2646460,2775709157,2
1013240,2274796872,1
1700350,1596372162,1
1606590,1385655880,1
1472560,2308218027,1
2847612,3025866433,3
1075900,2098077365,1
2262630,408256266,2
1212110,4126577255,2
1007370,4074922593,2
2108590,3980789924,1
1007400,130569427,4
2147630,1722423650,5
2086960,2379595516,42
1611640,3571151459,1
2748280,1902679009,1
1551440,3472469563,2
1205770,3607414036,5
1252680,363439682,1
1008490,2204742515,84
1818610,3148025478,1
1538900,985335297,1
1436540,925086250,1
1864140,3826117036,1
1526840,2061384704,1
1041920,3138499759,1
1051230,1252207053,1
1372630,3193679330,1
1480650,952092111,1
1254690,3573091333,4
1281450,1658862248,1
1227370,3671551693,2
1590145,1722228770,1
1605630,954386733,1
1113780,1955841451,1
1522660,3957011006,1
2722560,1278285068,1
2015610,484413085,2
1153630,831045133,1
1435410,2336244165,1
1002290,4059000958,11
1010240,121298001,5
1009330,3357984352,2
1290210,2230147429,1
2085890,3657164245,1
1322320,1830631716,5
1577650,2798904754,2
2065380,1897826093,3
1311060,3004502340,1
1407810,1568213114,1
1026990,2152032754,4
1331240,1532563057,2
1157170,460825390,68
2013800,3936973036,1
1107920,2054654086,1
1389880,4110695635,1
2137720,3896848070,22
1536350,1717618640,1
1307320,4137359762,1
1597200,4237396782,3
1427510,65229855,3
1191320,1717612985,5
1600430,870336609,2
1601900,3844742287,1
2055530,4047507295,2
1073210,2471873028,1
1183230,754716325,1
1414150,1144286995,1
1184140,1737110990,1
1006600,354416260,1
1049000,927574277,1
1451180,2393839451,7
1598530,652135941,1
1590970,676609568,1
1416840,101035606,2
1468380,1235641207,1
2216000,2918292410,1
1003430,394053827,2
1009820,2920680500,1
1433650,2702114018,1
1552630,2206290660,1
1429200,3908882331,1
1420470,2987388496,18
2557930,309460354,1
1432720,2320977302,1
1936270,2842788092,3
1265180,1661286602,1
1432410,3941300833,1
1593910,1281013247,2
1284480,4102755251,1
1473950,1198039641,1
1205870,1291056226,1
1057850,3208264422,2
1522600,2767636181,1
1403120,3813108318,1
1012770,3892944924,1
1054230,2162296081,7
1530970,1163801991,4
2083400,2058345364,1
1508750,1824157970,1
5705947,1438729256,2
9000009,2886320972,5
1428240,4293735638,1
1444150,1286424472,1
1535910,1827194840,11
1388410,1276904568,7
1226960,2650116830,9
2732040,3941307793,1
1549100,364189455,1
1535700,2506715734,2
1597890,802754704,5
1213720,1491236928,11
1202270,1823415860,3
1318610,4110820451,1
1165670,1925067659,1
1001140,100459985,10
1337370,1022255856,2
1287670,1887488909,8
2820690,895801849,35
1573390,55402120,1
1000440,3937924863,1
1008370,143637025,3
1365190,2492653458,1
2122590,3300438370,2
1207270,3619176319,1
1264080,2415327900,1
1594400,3046403005,1
1029390,1787299908,1
1327790,2671822839,1
1465720,3036416418,1
1195970,878748339,3
1353850,3920925501,1
1600430,531690151,1
1498060,3994203411,1
1381820,2259293475,1
1590145,759016602,2
1556750,3639399997,1
2266290,3483937294,1
1004200,2822477275,71
1580550,1737282815,2
1194690,2603066919,1
2087300,624480282,1
1725280,3039411998,1
2843309,1085287852,2
1456360,3629470669,1
2045140,496970585,1
1243850,107821589,1
2028940,2204193110,73
1194480,3773973543,1
1793810,1652311797,1
1980660,343686952,1
1825670,3334113729,1
1459640,2143849405,2
2026870,460352545,5
1982210,2221067106,3
1599730,2140983564,1
1077360,45211378,6
1413940,3005396715,2
1416170,2520691132,1
1270520,2349070506,1
2593530,1722739895,1
1585410,2682434889,1
1599020,1276899246,1
2567600,4262992430,1
1854560,3196880573,1
1315920,2373481574,4
1010950,187186285,1
1406050,572846257,1
1069820,2158327935,5
1163270,1731003317,4
2831572,2845281164,1
1172280,2306676014,4
2019590,3701904543,1
1004550,914552696,1
1527360,1833850932,1
1358330,396403125,1
1011300,3153601226,1
1346240,3458265496,1
2848481,2033951574,1
2842324,530555427,1
1379740,3723473172,1
1404630,2782770080,7
2029080,3545235785,4
2849046,1564442673,1
1512470,463938111,1
1384860,1595945698,1
1228650,1372010838,1
1247260,1713830225,27
1102140,1207405199,1
1455100,2756135008,1
1223340,4081683826,1
1061990,65662206,1
2824630,2359056901,1
1226700,1856960690,1
1298740,1580056413,1
1470370,3672126521,1
1382280,1565459330,1
2252690,2204742080,1
2211960,1962746360,1
1269130,3882568297,14
1502680,3012036276,1
1731910,2771177785,1
1537780,2363742111,1
1500880,1721591930,1
2143350,3657100735,7
2830158,4086187192,1
1530670,3935995785,2
1118960,3656132487,2
1050590,3178297585,1
1254730,3594671683,4
2029000,2204749475,5
2270820,1375186437,1
2131200,319692851,2
1366770,3952592753,3
2202230,958265915,2
1308090,1721402270,1
1920200,1633429123,2
2061540,2170675358,1
2034320,1088913322,2
1846650,1169850032,1
1198880,2881282609,1
1217730,2644243025,1
1288480,3508589528,1
1290800,1721086025,2
1154770,1963605920,1
1219560,2946487189,1
1413410,1612127732,1
2216440,1719201605,2
1550800,3164341275,1
2131660,1353680362,1
1000750,895807939,1
1206050,4157290589,2
1319770,3600082986,1
1471300,3189541297,1
1598980,955503860,2
1062660,1337823491,1
1270670,287241828,1
1375790,651044232,2
2759530,2204186585,1
1270190,1722439745,3
2819990,3698328794,1
2015520,3825413763,1
1351360,4225260933,7
1322670,2513491607,1
1409310,4240851803,1
1012050,3145955489,19
1160820,1567538549,6
1956570,1820361725,1
1545820,641883300,1
1491620,4079291844,1
1538330,2885596540,3
2839866,3103954158,1
1600900,2788147985,9
1610040,104669802,3
2106260,1508889332,1
1535780,2176098452,1
1166600,1925281679,1
1528950,992296310,1
1554840,1712686175,1
1298970,1953827990,1
1146020,2419377702,1
1362070,4134916982,1
1278410,3076271385,1
2220230,1599202897,42
2056890,3142198763,1
1598300,47430113,1
1202550,2555357516,2
1477430,1817304037,1
1004890,1637177255,2
2221640,2204747735,4
1198180,2261593789,2
1387240,3145945049,3
2039490,2667370179,1
1058250,1424932663,1
2122340,1834317971,2
1394840,4074640872,4
1195820,3593377215,2
1540940,1892117392,7
1360480,1722726410,1
2009330,3356674262,1
1323010,119734298,2
1211250,2303709561,1
2081570,1822333580,1
2140610,3941310838,1
1464900,3572069600,1
1397300,4190635836,1
2435980,1505611675,1
1554310,1271508591,6
1202150,1831039670,2
1576870,1448238608,40
1519630,3457790103,1
1535560,1506542554,3
1006860,2802949459,3
1326830,2937825900,2
1370070,375836092,1
1150410,1958398100,1
1284850,951064044,14
2002690,2760620176,1
1077330,45418873,1
1445980,3980786879,1
1310670,1468822476,2
1489340,2786755550,1
1587610,895883194,3
1008850,2041328997,1
1361480,1955718935,3
1160790,2522476085,1
1282440,3102544641,2
1415260,1821560150,34
2845107,272961032,1
1455810,3223946506,1
1535780,3076353359,2
1005460,851346911,7
1240380,3548220302,1
1452590,3892015399,1
1294220,4247384132,1
1189360,1377449957,2
1427140,2391564072,1
1589040,2099959741,1
1407450,2204205725,1
1541560,3656460777,1
2153770,1719782765,1
1912360,955997241,1
1483070,3657103345,1
1495910,2122250535,1
2133750,2024435894,1
1530030,3037672992,1
1277080,2401332740,1
2123250,2590092798,1
1283500,2823660064,17
1639000,3156817068,2
1300670,2614876394,1
1633260,2646133535,2
1601260,2033213376,1
2835840,2470553763,1
2772780,3916719720,8
1197760,2204211380,1
1006610,3896848070,1
1270670,3010900189,1
1179760,562505084,1
1196670,291241404,1
1610980,2422812216,2
1491790,1447753931,1
1287690,1887488909,102
1468060,1721599325,3
1410020,3579448790,1
1587670,1366356537,2
1224260,759058362,1
2088270,3210844571,1
1224890,1684076598,1
1293700,416014606,3
1461140,1736726885,7
2028930,2204758175,164
2029080,3545239700,2
1443990,538486798,5
1221540,2305949959,2
1685840,853616254,1
2015400,1820170760,6
1002975,2421807742,1
1621470,2650707560,1
2577750,2204767310,3
1534520,1953830165,26
1358490,1110053637,1
1012050,3145954184,2
1512130,1054766255,1
1477830,4147035817,1
1628530,1661086937,23
1317970,3341885526,2
1195430,2815705130,1
1156800,3684559151,1
1432840,1286421427,3
2248570,1953830165,2
1580825,1955165180,1
1050870,1899292313,4
1587070,1927407443,3
1490700,1116194020,2
1722300,958030995,1
1491400,544941409,1
1002800,2900014089,1
1509480,3084147764,3
1401000,92033209,5
1006970,683294995,1
1218140,1359445295,2
1612530,3774708645,2
1582000,1955163875,1
1578460,1918130987,1
2270970,2207557515,1
1522150,1953828425,2
1603290,3083829779,1
2119750,1375180347,11
1010520,1019233253,1
1518320,3688682977,3
2289030,18361252,3
1206030,1159289941,2
2215430,3242553423,22
1928670,3559691585,11
2259710,2204392340,1
1446070,1711931450,9
1365520,2784912020,1
1421850,3941296918,1
1521400,2021898357,14
2515240,1780402970,1
1098440,1291492093,2
1591290,2323987809,1
1369070,3461680898,1
1513940,2080703735,1
2008670,474705737,1
1236100,3101717308,1
1021940,3817394831,1
1007310,2546880360,24
1409110,1339616253,2
1318010,3222416691,1
1582710,2798898833,2
1294630,2651712581,1
1482990,1356881425,1
1485770,1719789290,2
1031600,42436935,1
1258520,822413804,1
1580760,3464954273,6
1451750,4264949164,4
2826766,1241414132,1
1582305,1821771560,1
1320140,3549494943,1
1482290,1083903618,1
1313830,3451253049,1
1240750,2161432026,1
1006670,3896857205,10
1316680,2538212791,2
1264770,2026275503,1
1164560,516693761,3
1475480,2241566183,2
1427510,3746692895,1
1008560,1623765511,1
1401350,84725644,1
5267136,871781865,3
1332650,1819878440,1
1604870,3340751327,8
1323560,2177379476,2
1414150,1010832759,13
1259640,648126546,1
1396360,845581916,2
1583250,162534383,1
2718360,3537172575,1
2832955,2955492668,3
1255020,2751411568,1
1067920,2299361767,1
1242130,1490313869,1
1282000,3734272441,4
2275300,908978097,1
1530690,1238241361,1
2059360,3501448304,1
1304390,3851939372,1
2089660,3512137056,1
1565440,2008065897,9
2087950,3815050346,1
1269320,2008529607,10
1579130,1762766156,5
1459690,2787579005,1
1375470,2852298200,1
2830360,1830448612,2
1483070,1722230945,4
1237410,1961989025,3
1690510,1824230615,1
1108540,1596459589,1
1073060,388379314,1
1283860,1152225127,1
1913290,2332345071,2
1480210,960147876,1
1305380,1109988858,4
2425930,4283573641,2
1579070,3299495262,1
1355910,4169075132,1
1457080,1462718012,1
1001760,2623265975,2
2026610,1847944048,1
1340450,450331373,17
1188410,2890504740,1
1578850,495123619,10
2122590,1984574223,1
1423640,3615586212,2
1004410,1661293997,1
1959930,2673521862,1
1203270,1060618593,1
2832154,2294851569,1
2846738,4283032501,8
2409180,3458298420,2
1012810,593728249,4
1605840,2194928514,4
1188890,4042077842,7
1187300,4053106279,3
1018410,3485432519,1
1004500,1508864102,2
1299600,1950929575,1
1232920,1392086643,1
2021540,1553586179,1
1240810,1487590760,1
1333400,2823024070,1
1499730,2644430510,1
1153270,4105758137,2
1590540,3657161200,3
1293830,25993805,2
1550190,2786244425,1
1013950,33981447,1
1257240,1732900137,1
1382980,143219513,6
2111660,2843452347,1
1348870,3329188668,6
1244320,754647305,1
1397580,3985406035,1
1008020,988899402,1
1452540,3767009449,2
1199890,283849084,1
1351430,3478799505,1
2509520,1954348685,1
1310930,2018480867,1
2194050,100441280,11
1299030,408732872,3
1277450,4030106869,2
1482270,1075739538,3
1236950,4053467149,1
1395620,4289485632,4
1167650,402837991,1
1939850,1046164093,1
1127680,3145944179,1
1505260,4243353517,1
1526920,2773342652,1
1361490,2973219284,2
1255890,2829536792,1
1433270,453653256,1
2831677,1021341250,2
1374700,2931999024,1
2098240,1930882295,1
1419120,2070196974,1
1786660,1400305941,3
1925300,3668368494,1
1449110,1109318076,1
1591330,3747610012,1
1985390,1159048811,2
1854850,1198608186,1
2008730,3175840798,1
1483160,2257409973,5
1979930,1467194369,3
1011760,2450989712,1
2717290,3754204585,1
1218450,1649267824,1
1437460,1413004528,1
1375820,2409756529,2
1620760,863628277,1
2667510,2194917639,3
2017770,3657181210,1
1416340,3582382363,1
1302070,490571561,1
1191770,867710445,1
2395490,2031696050,2
1604430,1450257426,1
1525680,3145970714,12
1012050,3145671869,1
2025570,1135603827,1
1326920,1510494167,1
1210360,11763711,1
1250870,2208070208,1
2134680,1278059501,2
1004500,3134621297,1
2122580,295927224,5
1196670,1956236150,2
1352570,1711867320,1
1392580,1712394290,12
1163420,3338693906,3
1401310,509440413,1
2830619,4175035873,1
1436710,1899105573,1
1007660,3936899956,3
1468900,1783645507,1
1451350,1771731161,1
1604300,266779513,1
1529520,4283590171,23
5354424,1893884487,1
1010050,2749514707,1
1375650,1828514847,1
5461620,3076416508,3
1416860,100471846,1
1402540,1878475704,7
1324870,428830437,4
1504900,2798927809,2
2022640,1829320985,7
1577270,1705665440,1
2517080,1795243521,1
1000860,1717609522,1
1010530,3971962815,1
1325840,3825536046,1
2140120,1692285090,1
1601660,2085656935,2
1260720,3786414207,1
1538900,2519778818,11
1266550,2057368037,1
1489320,1820376515,1
1319280,3203002339,1
1002290,3064252989,8
2850232,2873761096,1
1329630,3250456685,1
1291070,1721089505,4
1222640,404120774,1
2722660,1641289198,1
2835784,3483931639,2
1337190,1719500015,1
1354470,3027596021,1
1531850,3350110653,1
1180030,1312011340,3
2840846,146871836,1
1591330,2644511692,4
2067670,759050532,3
1044070,1992851642,1
1181540,387252548,4
1293770,4207662977,1
1012320,4215558432,1
1001150,2181346247,1
1439090,2272800129,2
1561330,150486134,1
1189170,1851054560,1
1038500,1031790596,1
2844416,3701621793,1
1156640,450043597,2
1464050,2549681243,12
1238550,228941547,1
1304920,2884692640,1
1542860,3065762716,1
2133450,3657105085,4
1523060,2896646798,1
1007280,1599018589,1
2028970,2204210945,1
1251950,2781635165,1
1324300,1318774933,1
1023870,644569608,1
1425790,3782251294,1
2826528,2204757305,16
1140480,19722030,6
2006580,2204200070,1
1566450,1423560189,2
1231690,4138459743,6
1184160,3465585120,1
1332760,3423378195,1
1039420,4126478510,1
2239580,426794938,1
1466670,3306176013,1
1467150,2900125175,3
1638070,2577938430,1
1270590,2207396994,1
1432410,3712358827,1
1537970,1722232250,1
1315700,1371015554,1
2080970,1722431915,1
1199000,2616796897,1
1080970,2048271978,4
1612920,1362969534,1
1985560,626974687,6
1428230,4044808193,2
1294150,1670827822,1
1491710,3294242553,1
1245810,724797300,2
1483730,620031563,1
1866850,4285866845,1
1331020,1714011185,1
1957100,2780871740,1
1409140,1650483418,3
1344410,888223510,1
2845114,4040682937,3
1432390,1503542411,1
1396000,32646521,1
1005340,1964648434,7
1392910,2882443655,1
1389310,1230135703,1
1435810,1721407055,5
1362450,2436128208,1
1354600,2519758373,1
1241840,2009512846,3
1477250,2553952468,1
1145910,4042732621,5
1576870,1737293690,2
1009780,1419800924,1
1009160,1212946893,1
1434180,1088889456,1
1410590,4237858223,5
1441390,1826600495,1
1397590,1557791374,2
2005890,134192761,1
1318000,2967813801,5
1005900,3310977855,27
1316300,1305136364,4
2841117,3545239700,3
1346230,76712070,4
1524990,2885939115,1
1559400,3143072603,1
1578950,370850919,1
1285790,1422057057,3
1421970,3686342340,1
1469800,2204745125,459
1009600,1330442727,2
1005110,1964088154,2
1157080,2519463878,15
1549660,1863172160,1
1002340,3698298448,1
1984400,230195395,3
1254210,3392456949,1
1334480,2659450613,1
1421510,1940579244,1
1360930,1368522139,2
1293780,3970628867,4
1361140,504024918,3
1297910,194284697,1
1516250,2104892641,1
2797820,2535498515,5
1077410,2686879289,1
1564320,1712140250,25
1284220,1713509630,4
1419270,1730562678,1
1589840,1737297170,2
1327310,4220125931,1
2136890,2749783340,13
1133790,3935355052,3
1426250,1953075005,1
1411300,3608782680,3
1611020,1375182522,16
1467910,2915649852,1
1003450,4130203229,1
1502390,3723462732,9
2083100,1955678045,3
1199330,1715926925,10
1374190,4156786913,24
1293810,4207914842,2
1497190,1350390145,2
2028970,3657165115,1
5089400,3554793772,1
1287410,2649068045,3
1596950,1736143633,1
1335750,426196960,1
1559750,3143609393,1
2087990,2204200505,1
1641170,1325479423,1
1349300,4283589301,1
1497190,2173089875,4
1209350,759056187,1
1358550,1197399027,1
2180650,2071854877,1
2829815,3979957974,1
1465410,3525460383,2
1287420,2388173039,1
1006200,3681529994,1
1453550,3810262369,1
2840542,4070248117,7
2154760,1982104756,1
1378860,2026918310,1
1423610,3614169417,1
1531190,1718363360,2
1310600,2194922859,1
1502390,3723560172,6
1445160,1721679800,1
1523060,4239713959,2
2026790,388532017,2
1461990,3919649888,2
1006810,3137078579,1
1498130,197270225,2
2029110,2204743385,79
2278180,3483938599,3
2540200,3233816183,1
1184170,3769156622,1
1502390,861785614,3
1404975,1213317195,1
2153760,2780870000,1
1269320,1722423650,2
1313580,3728030989,1
1497960,442688960,2
2120160,3039661632,2
2216900,3040160633,1
1517700,3122411243,1
1320170,3551304978,1
1956250,2643694925,1
1475770,3955236579,1
2742080,3515014240,1
1545740,2993494358,2
2841941,1980737259,1
1338180,2094651512,4
1461160,1421149719,1
1221690,3179418317,6
1526960,1714013360,3
1213720,3096788901,2
1500100,3719397415,1
1409230,1941849116,8
1004500,1811120599,3
1519080,884991432,1
1125060,3043409895,3
2083720,183985279,1
5361992,627711730,1
1382250,1721386175,1
1541050,3153288818,1
1532160,1379473621,1
1985560,2131252129,1
1611610,342245406,3
1437260,1831038800,3
1956610,2655033200,1
1514830,3145152288,1
1137760,1859241577,1
2078660,1091000834,1
2026700,524525327,1
1403170,13342412,1
2683060,3074534805,4
1416830,2787944405,1
1002980,3657104650,63
1394680,3613914168,1
1004790,3939408094,1
2842151,2496867179,1
1606710,2321361637,1
2138880,1782187961,1
1342380,1280409797,1
1088580,3494508770,1
1387010,2782269395,1
2080730,1956216575,2
1415400,2461761272,2
1506890,1721596280,3
1040060,1751880580,1
1143430,2996973445,1
2086640,2204769050,14
1550140,842473290,2
1322700,2492961782,1
1309260,18274147,1
2271410,2937476735,1
1053280,2099614174,1
2065010,4190191732,1
1114040,2625699195,6
2084840,1721599325,10
1228560,1957619450,1
1758410,2263908180,1
1053350,1904828391,1
1333680,2171537060,4
2269410,2379605521,7
2232330,2655241565,1
1577100,1737572525,27
2717510,1686956519,2
1486170,693036908,1
1236900,2389903049,5
1315590,2323739877,1
2067900,2652648095,3
2028950,3980803844,8
1302680,4074931214,1
2848096,1237141569,2
2089020,2204745995,122
2825980,3029292564,1
2056680,3342653135,1
1355790,2204388425,1
2845606,980901632,1
1604290,1329544642,7
1191420,2038961413,6
1587290,2674228661,3
1008530,3980788184,14
1232880,2129992273,1
1177800,3643128751,2
1423310,1737097940,1
1006570,303107088,1
1584930,3980647874,1
1511870,1822893425,5
1591870,880320011,1
1575510,3728021419,2
1497950,2202029057,1
1150340,711973734,1
1501110,2470572033,1
1399630,3566137478,1
1351510,153437966,3
1172440,855936748,1
2755350,3798610129,14
1004840,794795229,1
2577750,2379601171,1
2083140,1442558716,1
1294090,167554351,2
1005900,229998775,16
1595090,2652009950,1
1004540,1313752330,1
1590080,54613321,1
1346370,2341400940,1
1309370,3954212184,1
1420180,2487856001,2
1549460,1712218115,1
1313580,1661298782,42
1406060,573425677,2
1611030,3074340795,2
1524720,71537554,1
1345930,4103380502,1
1582670,1049918979,3
1340450,2257572231,2
1006140,161582519,1
1346150,3999015736,15
1215320,342244536,1
1469050,1564154512,1
1581180,4076236452,3
1372800,4218971915,3
1858620,2811821021,1
1374550,117110616,3
2038230,2975485615,1
2711110,3941300833,3
1542730,493060624,1
1449530,4047813029,2
1154110,1714460357,1
1541040,861519807,1
2547920,2528465764,1
1191080,917182537,1
1762410,276451613,1
1596960,1736142763,6
1469890,1661283122,1
1004880,1984280386,9
1342220,2643950270,1
1165580,1633027729,3
5639420,3090042025,1
1590750,396561595,1
1288490,3680740639,3
1584350,73221874,1
1009900,2065837820,1
1382370,1953085445,2
1189600,3121573537,1
2593990,1712772740,1
2009130,1758178592,1
1447440,1953791015,1
1410190,3578964635,1
2798130,2379595081,2
1205280,1402120857,1
1583250,895883194,22
2845349,108324014,1
1552650,3574959030,1
2055530,1339424853,9
1592290,3907871756,1
1948770,2792322165,4
1483540,1932174713,1
1548010,660654713,4
2028960,2204193980,11
1006950,3770331173,1
1576280,2066061599,13
1169250,1274113860,1
2069030,2870203884,1
1473740,2721851026,7
1012490,405551179,1
1594750,766673405,1
1928690,660051983,2
1188490,1374627462,1
2845610,2091088221,1
2831508,40749603,1
1610430,2163737532,3
2008140,1299189720,1
1399610,3559629008,3
2087820,4070793607,32
2547280,334463754,1
1002450,1821641392,1
1155650,2110750785,1
1261190,2245821005,1
1580260,1712418650,1
1587040,1847411251,31
2020680,1953013670,3
1307500,1787354718,2
1318610,3437381511,10
2845172,3078724855,4
1444690,3980788184,1
1211510,837646568,3
2096480,1924467192,2
1204860,1713834140,2
1321120,211927906,1
1259210,3683820677,1
1137430,3004156701,3
1601260,469739853,4
1416170,321341553,1
1321530,4077927749,8
2004390,3723559302,1
1236070,1162053595,19
2841870,3639937903,2
5281681,1663870167,1
1388410,3069776240,4
1363390,3780934090,1
1012740,3737327126,2
1378600,2940315745,1
1098430,36168238,1
1483740,1426769269,1
5150116,62336768,1
1498100,4243994331,1
1071500,3526998587,1
2118730,2479327206,1
1362290,3052786187,1
1171010,1713511370,3
1330970,2467773297,1
2716640,2115507431,1
1153520,4186486879,3
1471200,830827592,2
1319750,3799197123,1
1310460,2403757343,2
1595730,324644621,2
1576720,1448319083,3
5031696,3728008369,1
1587590,2573581209,7
1602440,3052729445,2
1409110,3581997021,1
1286050,1775599212,1
1387210,1711636085,7
2409210,2100372140,1
1510890,1915374096,1
2831062,783179129,6
1164510,2153182529,2
1508590,3227400623,1
1409150,1737569915,2
1309630,3985609332,1
1244470,1949278256,1
1379200,2154099260,1
1379850,1823446310,1
1373160,2030217183,2
1325680,287502164,1
1008050,137170123,1
2076960,1313609710,2
1134030,4083836613,2
1612850,1020671067,1
1605820,4030109914,1
2084030,1128787536,1
1012800,3916709715,1
1605820,186271137,1
2067670,1719507410,2
1516270,2979956624,1
2722660,1641006448,1
2070210,4089217395,1
5090974,3320656519,1
1421090,2393457744,3
1474850,1206344076,1
1188790,4042641602,2
1207240,3618718264,2
1368970,2314339880,1
2209490,1623634174,2
1009470,4283028151,9
1396130,818873351,3
1250220,1722221375,1
1264330,1221614792,1
1365860,1122477876,1
1562300,1193302916,2
1444630,3594133887,1
2526850,3767453557,1
1202150,4220409974,15
1324350,2272468498,1
1581210,3246340984,1
1010030,726196327,3
1206530,2861647359,1
2082160,1719967640,1
1304510,476130704,1
1168650,1037091684,1
1588880,252433372,2
1542790,1358220814,1
2140410,1375180347,14
1258810,1830656870,3
1589600,644188301,9
2020520,1721390960,2
1009610,3242240223,1
1297240,1737568610,1
2733410,2417325521,1
1589350,3737793312,19
1456400,3053769049,3
1392590,2384225975,1
1584660,2972263243,3
2205270,1701717569,1
1153460,1866288609,1
1236690,3535763931,1
1358340,1564309720,1
1000320,1242634409,3
2139720,2204401040,1
2006560,3662160107,1
1591970,726234385,1
1369190,2778839401,1
1516925,1955715020,4
2827267,700846647,2
1499290,2650702775,5
1039140,2125742465,7
1956190,2781920525,3
1931760,433051499,1
2028990,2204742950,186
2029080,3545592050,4
1231490,1828570610,1
2005860,2596325043,1
2215380,2099007924,2
5007668,1820447697,1
1008870,2314743878,1
5050709,3993147514,1
1006730,4250210705,11
1429700,545729736,2
1317490,2970063186,1
1269320,4186476004,1
2119750,2294650595,2
1499720,2644430510,1
1437700,143484071,3
1164650,1665499421,1
1413940,1186277676,3
2827091,460824520,2
1538330,291803424,11
1283510,1921103956,2
1135270,2332108169,2
1194500,3189555652,1
1533580,1232312642,3
2084350,2470551588,1
1204540,3719480500,1
1120280,464142126,1
2585220,3612136848,1
1253190,2450897584,1
1293720,169731961,1
2021030,3980866919,1
1579840,1713264290,1
1077380,2687425214,1
1505990,355011464,2
2122310,2204756435,14
2159290,3656703066,1
1294940,1962749405,1
1457730,2306491139,5
1010280,2269634095,1
1386840,738774097,1
1084810,3949304718,2
1213060,1960577885,1
2819970,319698941,14
1394280,2194921989,2
1509290,1717315880,4
2020990,3828183581,1
1366080,3581833708,1
1396390,4078982607,1
1595500,3492006488,1
1352290,1966034655,6
1524640,616667213,1
2567210,1059100780,3
1333400,1427611120,1
2842604,759063147,1
2192410,2093337464,1
1254180,2319289704,5
1021680,3207727654,1
1524930,3145946354,11
1453680,590583603,1
1305510,2138986077,1
1207230,1964347595,1
2028940,2204394515,1
1180470,3941290828,1
1829790,1201812920,1
1315720,4156671150,7
1359040,2711624849,6
1985310,3594772442,1
1397480,4057511442,1
1587850,30178754,3
2835613,4070790997,3
1318950,3753585549,1
2104540,904314444,1
1445640,1717811345,5
1007820,4114812752,1
1599400,1640163452,2
1273270,1351340462,1
1527110,3145968539,16
1272780,1711635650,1
1583180,2748410027,1
1297960,4241743083,1
1430610,460358200,4
1166180,2390290589,1
1410760,2214329747,3
1002940,2855584998,2
1338240,547985696,4
1312420,207702099,24
1523060,3724462616,7
1013110,3458298855,1
1006970,3897411395,40
1347870,1324154748,1
2450280,1703775761,1
1161640,2154228269,1
1465590,3525459948,3
1065860,4050140277,4
2834812,2204765135,14
1168270,3282687208,1
1451760,4012364929,1
1572580,2310192541,1
2289030,442365862,2
2644330,3518903953,1
1483780,718937863,1
1427420,3291724300,2
1581930,1722154385,1
1265180,3727965304,3
1289070,1769101496,3
1184280,1768023857,4
1077220,609856006,2
1608600,430043860,1
2841117,3545235785,5
1221520,1960667060,1
1610720,621991991,1
1412890,252422062,3
2061250,1198041381,1
1180470,2965825874,2
1277250,2921210375,5
2830519,1472777648,6
2629010,3226901584,1
1450190,2234723339,2
1004320,2141837613,2
2761890,4168351204,1
1577280,1021664741,1
5414512,375284362,2
1295070,460821475,2
1255430,1953844085,1
1070780,1541773291,1
1547600,1612274292,1
2011580,3170108903,1
1267120,1892123482,1
1006830,3896837630,13
1576150,2154517109,6
1207820,1118892480,2
1349860,1953786230,1
1430240,358863042,2
1016610,3038946108,3
1008030,1286422297,1
1105360,605081820,2
1373860,4237708223,1
1321110,3797229209,1
1163940,1359812797,29
1259230,178290740,1
2654310,2817325481,1
1601890,860319946,1
2123260,3173612084,1
1437780,2651818985,1
1206570,3354493224,3
1448800,3220325672,1
2012540,2405373898,1
1262210,2295564974,1
1289780,609542227,2
1588840,2380359213,2
1524710,4225832375,1
1012050,2204752085,8
2836540,4070792302,6
1171120,1125737812,1
1342540,3480540510,1
1363540,600259397,10
1749970,3947476143,1
1206730,3266861604,2
1531710,3511332528,4
1009980,2452146086,5
1404320,1957567685,1
1155150,2744007344,1
1447740,1321826266,4
1158880,808424796,14
2028970,3657178600,3
1473230,1710810455,1
1412960,1940953727,2
2159100,1737110990,2
1589590,644187866,1
2769020,1848164009,1
2827098,2238354521,1
1307770,2204200505,1
2028130,1442243487,1
2848301,1850920808,10
1200220,4182844302,2
1437670,3597305357,1
2069620,2470758213,1
1621640,3222348658,1
5539091,2844301916,1
2048480,540429102,1
1344930,1717811780,2
2028960,2204397125,6
1315920,2933416814,1
1121520,1424783311,1
1487400,607844206,1
2756600,147661565,3
2827244,3067082336,1
1342860,1795517143,1
1217700,2745979877,2
1535650,1530953884,3
1497980,259217662,14
1580640,1736745155,5
2394370,2204760785,19
2087950,291797334,1
1163700,529332346,7
1633280,3088158708,1
1017070,453419894,1
1537250,2649927605,1
1270720,242423228,1
1494970,3254653644,1
1535430,1536251314,1
1430620,1996973681,2
1554820,1712686175,8
1333790,2288476370,1
1348910,1128572493,2
1324520,757914897,4
1418160,2107750872,1
1556730,2723465012,1
1175570,1711941020,1
1539280,376877093,1
2841921,1628033719,1
2841117,3545592050,11
1471140,2470555503,1
1434120,1286720707,3
1155400,1737562085,1
1477390,3383418298,1
1077160,938864231,1
1449910,2776535660,3
1376250,524447027,1
1584530,663414222,1
1589330,787590195,1
2029130,2204766005,21
1381380,2653972235,1
2029100,2204198765,41
1582310,2643960275,2
1191740,2306491139,2
1254670,3110010343,1
1328190,1497502454,1
2009220,3498525144,1
2215310,3201390201,1
1426530,4080279989,1
1005870,936814896,1
1264970,1936898851,1
1571320,1351845771,2
1309650,1956872120,1
1155090,2735390864,2
1537700,2113671034,2
1584870,3310902165,1
1398480,1706155310,1
2719560,3545811290,1
1445590,1190007052,1
1254420,2539587954,1
1441630,667722248,1
1922760,3198460061,3
1358280,1232985445,3
1559570,3141522263,1
1609560,3999017911,2
1449190,1227856011,1
2096480,1122477876,1
2243590,3707376281,2
2013900,2782965830,1
1474900,1831734800,1
1188760,895787929,5
1162050,2429170889,1
1259140,762214806,6
1008590,642149062,4
1922760,2011847578,1
2089060,1375182957,10
2843517,3194146900,1
1408815,504583023,1
1416190,2742505601,1
1448820,1719512195,1
1268820,1403174504,1
1006980,3379360896,1
2780660,3723462732,1
1010240,1472190641,1
1517860,2373906486,1
2397130,395372234,2
1343950,1331899251,1
1223240,4168261006,1
1365990,3635841260,2
1363180,1830663395,1
1516250,1720336955,1
1725390,3801062396,2
1293990,4215967127,2
1431330,3246671726,1
1523700,2843441907,1
1326940,4184254496,2
1154340,1084819655,3
2119830,1649310149,1
2718360,2250636119,1
1217700,125662877,3
1324990,4029046011,1
1310730,1521963167,1
1343100,1956040400,1
2688150,7185458,1
1342550,1568889729,2
1556770,2594473933,1
2840685,4248821595,17
1002970,3069914929,1
1428280,1953834950,1
1490720,2127025920,1
1343100,3980791664,2
2262630,701521131,1
1373270,2141268768,1
1022130,3483932944,1
1203250,1717622990,4
1545790,1964062054,1
1537370,4252604492,1
1264640,3763394705,1
1773100,3941293003,1
2016410,1681916173,3
1928670,1339611033,24
1334910,3635211242,1
1381210,851932102,1
1211140,1721083850,3
1378040,3007362188,1
1203260,1736535050,2
1359730,2657992750,4
2002400,4225356729,3
2620660,64283395,1
1336500,4234302686,1
2136620,2974655309,1
2029120,2204768180,20
1207610,4012105877,2
1923480,2923921395,1
1519210,2039505008,1
1620400,1737097940,6
1270190,2204768615,2
1150860,4044315006,1
2825978,2997314164,1
1001090,1198050081,3
1443940,160724507,1
1593070,631020816,4
2846609,1831040105,4
1294180,4212197417,2
2823760,1100454048,1
2441590,394618546,1
1333090,87658173,1
2216470,2839817509,1
1005800,4256769389,2
1610270,4236915237,1
1008600,3360036863,2
2056860,2850303490,1
1578490,2775211052,1
1575990,2431902689,1
2848301,239145445,5
1584360,4225872830,2
1565410,1820452047,2
1577980,895877539,29
1554010,2750971743,3
2513770,2783332970,3
1289370,1984279951,2
1244630,2245932161,1
2451270,1713523985,1
1098420,1599207247,1
1358870,2144391706,1
1604650,3597724609,1
1956210,1960558310,1
1365980,3039701473,1
1591420,159854514,4
1641890,216179653,1
1356370,649632383,3
1312490,1246364649,1
1278370,1721594105,1
1392250,241309153,10
1629890,1866762112,1
1335000,3891668764,2
1009970,4070792302,4
2594120,2522456075,1
1587040,895800979,4
1247250,404120774,6
1123550,3115348008,5
1415850,1964657134,1
1587070,229530160,1
2121280,2534289702,1
1581320,2913315070,1
1501440,3484221798,1
1582920,1661299652,18
1162370,2063305004,1
1404810,2859445621,1
2837492,2915909738,2
1502630,4290269707,1
1599390,3032092316,1
2719260,704108613,1
5007269,4093980898,1
1545790,1964622950,3
2233690,2204199635,1
1407460,1113385814,3
2734690,251926298,1
2095180,404132084,1
1037710,1408569994,1
1481480,1828577135,1
1421900,798556055,2
1270190,2204200940,1
5451398,846521265,1
1552390,3031818457,1
1376760,3448798090,1
1586820,988004190,1
1005180,4245897716,4
1242600,4009113402,1
1298520,1711942760,1
1377530,3356969155,1
1314600,3424098855,1
2844238,2650687985,1
2276090,1311621231,1
1352320,2966556241,1
1414340,1107486561,1
2154890,3811672950,1
1125440,583218107,1
1266570,86188451,1
1529560,4283583646,1
1350780,3350273472,1
1486650,3534294792,3
1335080,1150642051,1
1011710,3936258426,1
1578850,1716109268,1
2214820,4166043894,1
1006690,163406213,1
1634500,3574385265,1
1559610,3101991638,1
2843049,1888268210,1
1956230,2788441175,1
1548370,4237392867,3
2230960,1713836315,25
1511190,2010953601,1
1008890,3798376734,1
1413180,1186019721,2
1478190,3356673392,2
1099690,1433605151,1
2134680,3604043513,2
1212260,933168246,5
1476430,3189548692,2
1242600,2649921080,1
2842282,3918453464,22
1261340,2042025245,1
1154340,1232585138,2
1431540,2214244031,1
1567610,3723470997,1
1338240,2094085577,12
2076920,242198638,1
1225090,291806469,1
1512070,2784155555,1
1290970,4014299780,1
2322310,2582898230,3
1168190,167350973,1
1611590,171111216,2
1432460,3594081892,1
1212450,1223539361,1
1223660,2145626115,1
1241750,1821772430,1
1259290,835833198,1
1215200,2890424051,1
2028970,2204756870,94
1376600,129806054,1
1191730,1719503060,1
1330980,3169819618,1
1158400,970494819,1
1363170,1830663395,1
1007320,357042705,1
1583630,1593633951,1
1375390,2843114045,1
1195960,2130451943,1
1002290,3981069807,1
2112490,2407396722,1
2150170,2007969762,2
1587850,2911645317,1
1445770,4175667849,5
2153790,1713838055,1
2140410,2031699095,8
1584930,676470006,1
1170650,1104135009,1
1349300,1719773630,1
1979920,4195731373,2
1600400,1404242038,1
1597150,3370101341,1
1582300,4283574076,6
1285140,941600619,3
2229230,2940548293,2
1334080,417015234,1
1483090,3365030111,1
1327350,2845834713,1
2846738,1737572525,1
1413660,2925690481,2
2005870,491310293,2
1535440,2606511213,5
1240710,1963616360,5
1004310,1661282252,3
2816240,2394602289,4
2269410,2204762960,12
1612800,1837066941,4
1452510,4176350286,1
2179460,3917296660,1
1008790,2489196799,2
2019640,1953779705,1
2287090,2057647239,2
2848596,258616033,3
1477120,1831737845,1
1597890,3991669848,10
2830360,1829950972,2
1538000,3737184826,2
1555300,1822910390,3
1203310,2028094621,1
1266440,241123685,6
1127680,1719936790,12
1316380,1963055210,2
1219190,1874456825,1
1250090,1716477635,2
1285820,1661286167,1
1182610,3941297353,1
1495740,1286424472,1
1421850,4185559434,3
1223970,698668177,25
1307550,1377034300,12
2028920,2204744690,299
1009000,195317707,3
1465610,2002715133,1
1447690,4279971247,5
1522950,3739679351,1
1316470,2691652516,1
2823770,628696605,5
1352290,492393711,1
1007720,2301301436,6