1222690,958156432,1
1131020,3079587731,3
2828104,1549448622,1
1956280,1953847565,1
2845835,2261616794,1
1445130,1251445320,3
1448780,402094514,2
1168660,2195601894,1
1495100,3254952054,1
1120280,464142126,7
2839992,3469092672,2
1138090,4218749947,1
1279130,357895026,3
1164950,2069267114,1
1863230,1548990038,3
1223650,1765822590,1
1586850,526712200,1
1500940,1953841910,1
1099230,1024443510,3
1522150,1953828425,2
2403660,1146435298,1
1061020,561080297,1
1570040,570142849,1
1522330,3110285300,2
1446760,1720339565,27
1598960,2939243663,1
1318250,3342383166,1
1207590,1020149719,7
2847612,3025866433,1
1493840,4081683039,1
1156640,450043597,1
1517090,1634225094,7
1981450,1814667578,1
2842151,2496867179,4
1577980,3559791304,1
2093400,2650120745,1
1448350,1963877795,1
9000024,1051917836,1
1077360,45211378,19
1582200,503299163,2
1281020,345772560,13
1605820,186271137,2
1591110,3865890281,9
1903910,3334095022,1
1587040,895800979,6
1643330,2225162661,1
1576050,2387310471,1
1532310,1430277314,7
2834429,2225612850,1
1275640,2798905189,1
1527090,1953829295,1
2055530,1339424853,16
1256750,1712409080,2
2096970,3189554347,4
2272480,4151020588,3
1138690,1725170382,1
5293925,1340970012,1
1497920,2783535245,1
2223670,3612567312,3
1242510,2040194759,1
1043810,4172798504,1
1171010,1713511370,1
1352130,1737111425,3
1545740,2993494358,1
1004310,1661282252,7
1164050,1501723651,1
1446880,3908211212,1
2216900,3040160633,2
1985490,781901088,1
1352290,1966034655,1
1215230,2652648095,3
1341000,1953078050,2
1076010,1779265302,2
1417550,3247103310,1
1331780,66042819,1
1463310,933450774,4
1825670,2103718638,1
2098240,1930882295,1
1448860,2672672516,2
1279240,937471710,1
2716900,3708825888,1
1408980,1055546145,2
1389070,3377982252,1
1611030,3074340795,1
2839194,1107520920,1
1155120,2826027899,3
2089020,2204745995,131
2026650,3069217178,1
1539280,376877093,3
1074430,85660421,1
1007720,2301301436,2
1279120,1382213100,1
1551200,1827259085,1
1250610,1740979880,1
2847488,1381709770,1
1009600,1330442727,1
1361490,2973219284,3
2198220,2207554470,1
1188450,46135269,2
1405790,2828738887,5
1356730,3422642060,1
1416220,2650186865,5
1377530,3356969155,1
1693370,4227909832,1
1612000,399440678,1
1580825,1955165180,2
1318670,132932236,1
1281010,3672988284,1
1313580,1661298782,87
1423640,3615586212,2
1522400,851122877,2
1588840,2380359213,1
1582000,1955163875,22
1006650,4293656878,2
1378840,2026581620,1
1597480,2035054639,1
1594520,754102100,1
1516460,2622665734,2
1408840,2911828948,1
1509430,1712223335,2
1006420,3836978890,2
1242160,1490309084,1
1008420,2886406667,1
1259140,762214806,5
1264100,2662792814,1
1005110,1964575354,3
1161440,1749116715,1
2798260,1553325636,2
2005440,605364500,1
1421400,1945745739,1
1579070,351558918,5
1559610,3101991638,1
2131200,319692851,1
1069520,1603951725,1
1484620,3249009397,1
1239730,1091692374,2
1012790,687651863,1
1247030,3664104734,1
1157090,1129452726,1
1298850,3620651937,2
1184280,1768023857,1
1600740,3699603772,1
1894530,2473988838,1
1437670,3597305357,1
1223440,3814601656,4
1001640,3116540833,1
1337330,172756576,1
1860650,13996704,1
1164170,4004628005,1
1383750,1712210285,1
1551440,3472469563,2
1406050,2612641613,1
1605230,2617363606,1
1864650,55338928,1
1524800,621515855,1
1516930,1955715020,10
1628530,1661086937,38
1197390,980533952,1
1359790,3404286073,1
1628530,1736802575,1
1521510,1717255850,1
1250190,1143716615,5
2100460,2788147985,6
1002590,690426107,1
2269410,2204203115,6
1226380,2516334468,2
1170560,3334717045,1
2133750,2024435894,2
1580850,3577024780,1
1928670,1339611033,23
1165970,1850613059,3
1152720,4155310685,1
2825978,2997314164,2
1247260,2798721184,24
2289030,18361252,1
1709550,2123335464,1
1157760,4202951674,3
1004500,1508864102,4
2006640,1174134594,3
1593480,1786237497,3
1524940,3295438128,3
1307500,1787354718,4
2093030,4293666883,6
1279170,1021474125,12
2249850,314115836,1
2409190,3458295810,1
1376740,3084733105,1
1302680,1719985910,3
1526920,2682440979,1
1831080,2811386632,2
1367010,3499774718,1
2013800,229997035,1
2087950,2885590885,1
2836068,1345571205,1
2609760,2782974530,1
1436720,2751017184,1
2083540,1719782765,1
1537300,3343954307,9
1164650,1926120794,1
2829386,2269068175,2
1370180,4063568099,1
1482910,3920198070,1
1421850,3941296918,3
1321650,708212726,1
1133140,336148270,2
1436540,925086250,4
1007130,958263740,20
1483070,1722230945,11
1336500,4234302686,2
1061100,2667852840,1
2081030,2018239622,1
1589880,1318975444,2
1242600,2649921080,1
1491840,152345546,2
1315920,2373481574,5
1508680,1454125663,1
1401020,2374874073,1
1009840,3316291782,2
1006200,3681529994,1
2431450,2987386332,1
2299870,1468746827,1
1473950,1198039641,1
1294180,4212197417,1
1596950,1736143633,2
1298230,4092557249,6
1580260,404071184,1
1107920,3132222583,4
1062660,1337823491,2
1397310,2811073132,1
2407970,3074523458,1
1361480,1955718935,1
1205770,3607414036,5
1012870,2717262423,1
1809130,402404342,6
1099210,3826257454,4
1462950,2960622114,1
2563590,3534286020,1
1208920,1963808195,3
1189000,1010188010,3
1604760,3855574567,1
1599260,114833208,1
2701220,861776044,1
1330980,3169819618,1
2087820,3736749185,10
1321130,4074631754,1
2496580,4181279601,1
1259290,3110766742,28
2842833,1261181256,1
1920240,157179250,2
1234140,587738140,2
1103350,1023622209,1
1258810,1830656870,5
1490350,2619691499,2
2772780,3916719720,2
1601660,2085656935,1
1005110,1964088154,13
1497190,2173089875,1
1413500,1439569476,2
2834926,808103704,1
1305990,44399515,15
1203310,2028094621,1
1212260,933168246,3
2153930,94819541,2
1460830,2655241130,1
1545700,3134480447,3
2612170,2876434389,1
1161730,1601570427,1
1318710,3190899636,1
1358800,4113501225,3
1288810,3727971829,1
1009550,2633643662,2
1285790,1422057057,2
1605280,2326598821,1
1769910,904095840,2
1587040,1847411251,36
1461790,1050395304,1
1435410,2336244165,2
2112320,2599373051,1
2137720,3896848070,39
2734030,3388998285,1
1501740,1736538965,1
1388450,2043939890,1
1536800,217677791,1
1225130,1337862113,4
1313850,3666315744,1
1121740,3399473892,5
1433280,575706861,1
1293950,1915293161,1
1501640,3660521543,1
1582920,1661299652,76
1000320,1242634409,1
1619720,1960264500,6
1251270,3797340855,1
1400560,3065464826,1
1542860,3065762716,2
1328110,2520536364,3
1372410,895804894,1
1483420,2912786886,1
1204860,1713834140,2
2844997,1339423548,1
1505010,1781151882,1
1591150,3643612127,1
1200740,2896641098,1
1573150,1769573463,1
1363540,600259397,3
5671103,1066737555,1
1461410,2835763194,8
1714490,3046487720,3
2700470,4171354862,1
1006970,3897411395,61
1360930,1368522139,1
1602370,812119035,1
1341210,4025279688,3
1953300,4104508847,1
2397160,2689072979,1
1156740,844760695,1
1363090,3029979138,1
1253190,2450897584,1
1559510,2640842048,1
1431850,3225053589,3
2179930,1722720320,3
1541040,861519807,3
1454670,3703307053,7
1189050,74719167,1
1914670,3617449871,1
1283830,2858777614,1
1012280,901498453,1
1431680,273364713,1
1456360,3629470669,3
1203430,442794183,1
1012840,1457147936,6
1896380,1712126765,1
1322320,1830631716,4
2016470,3999017911,1
1604300,3048222121,2
1371260,1960654445,2
2577750,2379601171,1
1604480,2598235083,1
1407980,948304886,1
1299740,273839324,3
1277780,420318948,1
2164670,2853832395,1
1579070,3299495262,2
1002420,3435889863,2
1008420,2566202759,11
1250090,1716477635,1
1545640,2823784579,1
1127210,2785939136,2
1153270,4105758137,2
1518550,773206223,3
1008370,1719538406,3
1121120,2407440882,1
1543110,2478011489,4
1480650,952092111,2
1519480,272591784,1
1326980,1627986133,1
1010030,726196327,2
1338850,1551861122,4
1006850,1907655457,1
2840715,2181343202,1
2490770,3686652302,1
1420470,2987388496,10
2119750,2294650595,8
1529410,1717603850,2
1610580,3837224752,1
2088240,1829142635,1
1268570,3459197121,1
2269880,2808310238,1
1225430,4260832292,1
1408940,940491690,1
1632520,3527689208,2
1288170,2140303949,2
2029100,2204198765,5
1579110,4111025628,1
1604720,3025197533,1
1619920,1491408962,1
1606560,2821891307,5
1630980,2648540329,1
1052690,3490156473,2
1293780,3970628867,2
1514840,1717244975,3
2556690,3796030608,1
1072810,738937351,1
2028980,2204748170,158
1031600,1897573990,1
2394340,1435350020,1
2142690,3945662605,1
1310680,2812592538,5
1269410,1639911050,2
5066534,483672406,1
1124860,706919610,1
1372800,1750804992,2
1849220,1112197445,1
2538870,1888214725,2
1581930,1722154385,1
1634010,2104891336,1
1502390,1828590620,2
1250210,4210541344,1
1442990,3127391648,1
1538130,2017403864,1
1477840,3383430478,1
1013110,3458298855,7
1310670,1468822476,3
1002980,3657104650,67
1375820,2409756529,6
1359040,2711624849,3
1429700,545729736,2
1003030,750791239,1
1530020,3965645007,3
1922780,1737111860,1
1277080,2401332740,3
1073210,2471873028,1
2087820,625342565,8
1524930,3145946354,8
1609230,2372334358,1
1538900,2519778818,6
1438210,1717599935,1
1289140,1764111611,2
1258330,3684552626,1
2061250,3597932813,1
2005440,2622137771,33
1011060,838530661,1
2827133,2318594050,1
1004790,3939408094,1
2104500,327141647,2
2122360,629786185,1
1312820,209208544,1
1224340,1710866570,1
1434020,1286720707,1
1855310,2878663505,1
1002290,3981069807,1
1158210,805181334,1
1610040,1795198428,1
1480210,960147876,1
2206220,840319250,1
1315700,688848102,3
1592250,1715911700,2
1007400,130569427,3
1348870,3329188668,2
1046340,581430650,1
1277770,3572175409,1
5014710,1088029642,26
1000580,2007967152,6
1625080,3988770516,1
2205270,1701717569,3
1753560,557907532,1
1485360,3977565284,1
1629170,2648220665,1
1009410,1224676581,3
2131660,1353680362,1
1312130,2937525845,2
1236070,1162053595,4
2836482,46301395,1
1155150,2744007344,1
1692970,52423751,1
1212970,3096447448,1
1325590,3910035231,1
1277100,737907572,2
1401910,706084951,4
2394370,2008526562,1
2135280,230195395,7
1451630,1931584091,2
1632520,1550010642,1
1207560,2644245635,3
1519210,2039505008,3
1522370,3964286816,1
1499290,2650702775,3
1140460,19712895,2
1261140,1713458735,15
1448580,1958949245,1
1199330,1715926925,38
1199640,2308831306,15
2229480,4205303599,1
1188350,3865550272,1
1505820,988944946,1
2651400,2802075109,1
1121520,1424783311,1
1601870,1479914634,1
1829680,793850782,1
1444680,1115622912,1
2835693,3699621157,1
1315840,1953013670,19
1432840,2650122050,1
1006690,163406213,1
1343100,3980791664,2
1310730,1521963167,1
2742870,2204210510,1
5676496,920869045,1
1606240,725360850,1
1282790,2997417532,1
2527710,2452160006,13
1573900,16814353,1
1140480,19722030,4
1213720,1491236928,3
1214900,954865293,2
1581440,282540197,1
1156800,1514555587,2
1223520,2075229232,1
5688397,3009888568,1
1370090,2450901883,1
2509520,1954348685,2
1219980,2861341072,4
2691800,302068992,1
1450430,2996316200,1
1305510,1272242976,1
1385780,4215132548,1
1289620,2451217268,1
1554200,416201640,1
2016840,680611460,1
1605820,2194927644,3
1166420,2068138289,1
2841053,4147479744,4
1552650,3574959030,1
2234750,4128552004,3
1191080,917182537,3
1451750,4294586287,1
1005340,1964648434,12
1380440,1717295435,1
1249900,1711637825,1
1580640,1736745155,2
2827129,1953589175,1
1565440,4186535599,1
1392570,1712394290,1
1545820,641883300,2
2454510,2548299608,1
1349300,4283589301,1
1223615,2892243882,2
1013190,2195602329,4
1527110,3145968539,9
2112000,2500064342,1
1408930,1048162455,8
1255010,3573579838,1
2643980,3730662523,2
1008430,3768898250,4
1449330,2178586679,1
1524670,4231564370,2
1359240,2990852140,22
1302090,4290892962,2
1408750,2283978178,2
1202150,1831039670,2
1007550,1270077839,1
1324520,757914897,2
1178940,2314820826,2
2849695,20026095,1
1597890,2451455638,1
1432920,70749291,3
1086610,321597508,2
1151120,1102394272,1
2845710,3234462217,1
1610900,361731262,1
1000440,3937924863,1
1590145,759016602,1
2107490,1979182614,2
1949450,2186180358,1
1255020,2751411568,2
1606800,1712416475,3
2028950,3980803844,8
1419990,1829125235,7
1586840,2007970197,2
1217730,2644243025,3
1374660,3756935634,1
1012620,3265025033,5
1003420,1210560313,2
1620400,3385965998,2
1264610,3763394270,3
1096710,2071912947,1
1418260,1866530513,4
2069620,4046577077,1
1780880,2554841449,1
2096400,3131041312,1
2772730,1931496801,1
2581990,1718374235,1
1406060,573425677,2
2722660,3931971645,1
1386970,740079097,1
1779800,2840230316,1
1851760,449528012,1
1600270,1929606430,1
2848186,4080733723,2
1579170,2645007755,1
2835784,3483931639,1
2683060,3392202449,1
1491330,3337273629,1
1583190,2844464987,1
2026200,3913235961,1
1587590,2573581209,1
1009900,2065837820,2
1657940,3615099135,1
2697520,4104339666,1
1522150,3936247116,1
2148580,2955961598,1
5295249,3362777388,1
1240530,985325727,1
1004780,1661088242,1
1448440,294064931,10
1218110,1358751470,1
1507260,4179238012,2
1424550,3618249717,3
1259820,3815321817,1
1444150,1286424472,1
1110110,334039738,1
1345605,3780233213,1
2074480,3379377199,1
1547720,1154899103,13
1309310,4097726523,2
1441900,2708680832,1
1551530,984631052,1
1069570,2356990083,1
2028970,3657178600,2
1353810,3674377071,1
1188890,4042077842,1
2837865,1736744285,1
1221270,1589949286,3
1140710,20025660,4
1326220,3693821961,6
1516530,2622861919,4
1025420,1948776900,1
2844997,2482074605,1
1236410,3587183618,3
1006380,76748642,4
2215380,2099007924,1
1123550,3115348008,58
1164510,2153182529,5
1445640,3675795077,36
1727710,2154493619,3
1202450,4199926214,1
1348880,18099230,1
2650300,3176554904,1
1605680,2204674220,1
1284480,584111096,1
1595730,3681539999,4
1587670,1366356537,3
1403170,13342412,1
2082160,1719967640,1
1043160,663153073,1
1477250,2553952468,1
1786990,1569467871,1
1582900,1309060915,1
1538460,3869991895,1
1305210,3625884363,1
1583260,1039165767,1
1223980,3664316239,2
1326290,3912126711,1
2119450,2708283696,1
1499150,2000020179,1
1293770,4207662977,3
1012500,3723557127,7
1395620,4289485632,6
1073730,2343713651,3
1689650,3159575074,1
1527110,3194322253,2
2846738,4283032501,7
1290810,671108134,2
1588920,1720252565,1
1721650,3068742628,1
1254400,778403496,1
1576990,3387465501,2
1188830,4288001992,1
1510790,1860281155,3
1090900,3907416136,1
1588920,1737103595,4
2080720,1737092720,1
1589160,3674679585,1
2222190,2207560125,1
1269870,1910990435,1
2844416,3701621793,1
1254670,3110010343,2
1144540,4057000360,1
1416840,101035606,2
1402900,2760078790,1
1423000,2035433959,1
2840696,3680285612,1
1546930,1129846017,1
1584695,2653993115,1
1247260,1713830225,3
1549560,1887678671,1
1202440,2180702912,1
1394800,324626786,2
1352170,1737111425,1
1001840,1117002452,1
1410190,3578964635,4
1292760,313910976,1
1583920,2955056729,1
1207500,2644246070,2
1432410,3712358827,2
1400850,4041083776,1
1183300,1749431437,3
1010150,380445047,1
1618870,1118738360,1
2015400,1820170760,1
2647630,222442949,1
1380840,2785961675,10
1388300,447769773,1
1383180,3484690317,2
1581180,4076236452,1
1008490,2204742515,129
1072310,3095037288,1
1229060,737164699,1
2832955,2955492668,1
1342550,1568889729,2
1012960,4214131100,1
1392250,241309153,18
1508390,446596702,1
1593670,1867082528,3
1706630,50561850,1
1089940,2995732333,1
2093030,3137092934,1
2221640,2204747735,1
1009780,1419800924,2
1387280,691030038,1
1348910,1128572493,3
2028990,2204742950,308
1327190,2204382335,1
2087020,1650459493,1
1170500,3919911043,1
1071190,2573562207,1
1592990,4051755545,1
2826615,1994070382,1
1374550,1738960069,7
1010350,3733216853,4
5082133,2819228416,8
1461160,3334531584,2
2838606,431274754,1
2841921,1628033719,1
1478200,3300117408,1
1075720,2300034625,1
1316040,1099165169,1
1211630,718041578,1
1477620,2419999003,1
1588410,1198041816,1
1012480,3723549732,7
1409800,1719700985,10
1111640,3018100640,1
1546680,3215334131,1
1191730,1719503060,4
1502390,3723560172,6
2727850,638768899,1
1497980,259217662,8
1600260,476439989,1
1451260,1902623531,2
1365190,2492653458,1
1316380,1963055210,23
1221240,1589492971,1
1299240,2655233300,1
1387980,198489978,1
1037630,891721694,5
1832230,1580430978,1
2082140,3941299093,1
1319580,355199819,1
1415000,1102074291,3
2015370,2885595670,1
1628500,548169701,51
1432680,1510311580,2
1596210,1239129603,1
1514170,58971629,1
1567260,2544191547,1
1922760,2485164937,2
1606710,2321361637,1
1041850,2077848730,1
1523180,3829283696,2
1309230,2969190131,3
1605420,1041195034,1
1558480,2598084559,1
1789750,3184295819,1
1153890,1607350742,2
1583090,2522479130,1
2848304,2008525692,1
1436840,2649918035,3
1538920,4241168551,2
1307140,3513247718,1
1006670,3896857205,3
1541620,3367790214,2
2022640,1829320985,19
1009970,2452151306,3
1379740,3723473172,1
1185200,3751954712,1
2136890,2749783340,15
1275130,4004259739,1
1562350,4280520068,5
1594750,3758031665,1
1589580,1117849958,1
2259540,1535273500,1
1605270,3893517225,1
2021030,3980866919,9
1497370,4110255028,1
1166510,1926421814,2
2819970,319698941,13
1195960,460364290,1
1225090,2885596105,1
1250370,469242309,1
2516410,518183120,1
1589590,644187866,1
1247250,1713830225,1
1624970,3719396980,1
1198550,1937359144,1
1250090,3537163440,1
2827231,1009095493,2
1346190,3540886786,2
2827484,3386123400,2
2152340,3730662523,1
1200400,774960805,1
1023950,3855792141,3
2670380,1829079560,1
1241750,1821772430,1
1456270,1403390547,1
1374550,117110616,6
1155110,118084230,1
1240380,3548220302,1
1006880,2764811704,1
2068080,4062629699,1
1049460,1113171049,4
1565440,4186495144,1
1397340,1288471336,1
1516160,1719514805,1
1270190,2204768615,1
1596090,2750211285,1
1603990,1829130020,1
1019280,1393731252,1
1470960,3063431923,1
1240750,2161432026,4
1454540,3893408387,1
1385170,2634321744,2
2028940,2204193110,133
2255590,2279029745,1
1012940,2548364260,1
2256430,3360099503,2
2667510,2194916334,3
1394680,3613914168,1
1598980,955503860,1
1598600,4279978207,3
2083570,1737097940,3
1495900,2626176239,2
1178450,3396659926,1
1523000,3507715366,2
1602650,3794206889,1
1199470,2554650241,2
1183460,3058413828,1
2234040,2445050540,1
1439400,2389166979,1
1003190,3051884970,1
1538330,2885596540,4
1576150,2154517109,1
1514830,3145152288,1
1394690,1826138960,1
1111010,3719373055,1
1459640,2143849405,8
1496050,2784036715,2
1316890,1258122092,1
1160820,1567538549,13
2248890,1822823390,1
1181540,387252548,1
1388170,483090345,1
2691760,668054102,1
1483160,344279449,6
1332990,3100763277,1
1290800,1721086025,3
1404750,2519466488,1
1310620,2437673166,3
1223620,1699247183,1
1604870,3340751327,2
2027100,535426248,1
2849696,4011563298,2
1372150,2348937972,1
2826528,2204757305,4
1299940,2574479123,3
2092950,3279023754,5
1447000,4274216480,38
1070120,1762357949,1
1706420,536089036,1
1205750,3471391883,2
1166180,2390290589,1
2143350,3657100735,3
2029080,2204743820,55
1583260,897487375,4
2182840,1716549845,2
1409840,3337990295,1
1548200,1610305823,1
1304820,2016501875,1
1448400,293475941,6
1981340,1943854237,1
2845468,407453822,1
1188620,2587474177,1
1164280,1844938049,1
1307770,1711632605,26
1556730,2723465012,1
1604800,3831925586,1
1115630,1506148167,1
2547920,2528465764,1
1465670,1578748202,1
1612760,200558391,1
1911290,3142674597,1
2038590,3843717862,1
1416190,2992425587,2
1071090,2566792619,3
2844544,860818507,1
1612700,3242660443,1
1408810,1198597311,1
1188450,2959765709,1
1432310,252924364,1
1559570,3141522263,10
1512670,1424808594,1
1154910,3675804212,1
1706720,3589658778,1
1007340,1339419198,30
1281890,988438849,1
1238410,1644545722,1
1461140,1736726885,3
1487530,725050171,7
1590480,1400282982,1
1335080,1150642051,2
1263110,2205086195,1
1443990,538486798,6
1562610,2885592190,2
1004940,1176240723,1
1244470,1949278256,6
2849249,2429613178,1
1342380,1280409797,1
1259210,3683820677,6
1158400,970494819,2
2029000,2204749475,16
1301110,2577141758,1
2060600,2850593099,1
2110790,1162828220,1
1190370,2502801532,2
2757190,3924191329,1
1048400,1788286098,7
2453920,3043762433,2
2683060,3074534805,2
1591050,3711536936,1
1554640,2649927170,1
1523650,65719863,1
1075900,2098077365,1
1448560,415625681,5
1584640,2666122282,1
1200220,755396140,1
2454170,1303363144,2
1596420,2342061789,2
1445790,1110285701,1
1546850,139744045,1
1550800,3164341275,1
2723090,2661061853,2
1261130,1713458735,1
1414470,1185707391,3
1264620,1249544764,1
1272100,3588537965,1
1599590,2258880004,1
1300560,3141038557,1
1090460,68259802,4
1607310,1824248015,1
5682187,481718942,1
2842282,3918453464,22
1361110,2685108401,1
1441130,795334538,2
1170660,3563559581,1
1470370,3672126521,1
1076370,985329642,1
1512080,838293871,1
1167370,2067454904,4
1426600,1760643957,1
1350780,3350273472,1
1162810,1934033879,1
2395940,851336471,2
1455150,3216452878,1
1170650,1104135009,1
1437260,1831038800,3
2722660,1641006448,3
1577280,1251649165,1
1362360,4130076302,2
2006580,2204767745,1
1158450,845342020,4
1543840,1737567305,1
1008870,2314743878,4
2842002,3243229010,1
1414340,1107486561,2
1861770,1113388859,2
1830970,1033365846,1
1319060,1722161345,1
1516930,3936334116,1
1241260,717375025,1
1127680,1719936790,10
1432330,1764303052,3
1010790,1563722172,1
1285540,3488354697,1
2018450,808032417,1
1464300,2764258043,1
2136190,2722348361,4
1479230,2843123012,1
1009970,4070792302,1
1416830,2787944405,5
5076076,1005557153,2
1225940,4186490794,1
1584660,2972263243,5
1362270,1789515416,1
1277140,1899163930,9
1711840,3427485617,2
2016410,1681916173,1
1590560,2855693313,2
1304400,2199247927,1
1264640,3763394705,2
1009980,2452146086,9
1318950,3753585549,1
1289370,1763369501,2
2081610,1419496142,1
2153740,1953844085,2
1582300,4283574076,6
1176510,2567813196,2
1445640,1717811345,3
2654310,2195424414,3
1416230,3054937290,1
1577980,895877539,28
1776700,4193105026,3
1632100,1339437903,7
1225090,1956496715,1
1590590,4175408233,2
1305870,1889314581,1
1483240,3568032244,1
1648000,1147156181,1
1242170,2862058995,1
1606620,2207884178,1
1266440,241123685,6
2531620,1961711495,1
1324320,2654069837,1
1317340,3551557266,2
1143270,455385174,2
1485170,2021724350,1
1054950,2901361368,1
1416860,100471846,4
1275320,3323191455,1
1291800,3544098783,1
1232920,1392086643,1
1173660,635311727,2
1919380,3157779703,1
1203650,1697984871,7
1580030,1800299192,3
1632180,3980863004,3
1327190,1956045185,1
2011070,1136786625,1
1180570,1962189995,1
1000590,3715672209,7
1478120,6116780,1
1207250,3618709129,1
1166560,1480098541,1
2795760,1878864008,1
2728370,2787873065,1
1480110,3897414005,1
1388430,408588453,5
1939680,3112339414,2
2829660,286145218,1
1119530,1905906440,2
1304480,476131139,3
1483520,1963239650,1
1351370,4225257018,1
1404975,1213317195,4
1004410,1661293997,3
1591290,2323987809,1
1321110,3797229209,3
2425930,4283573641,7
1586780,3036838434,2
1591430,3454361280,1
1786660,1400305941,1
2215430,3242553423,26
2005440,1578625522,1
1165090,1848512009,1
1394280,2194921989,4
1372800,2071110604,1
1301880,395952089,4
1406030,1915639062,2
2087300,624480282,1
1404975,2342358459,5
1004880,1984280386,11
2462290,1950073379,1
2006580,1960667060,3
1620400,1737097940,8
1080510,3136434022,3
1155060,2826027464,3
2049730,2056325191,1
1566420,2658388500,1
1424410,3636100377,1
2848303,442254091,1
2087760,1605801036,1
5699241,2919095670,3
1343460,1210907404,1
1591930,1222504288,1
1554660,2961015574,1
1236430,1523294125,2
1332650,1819878440,1
1600850,296317077,1
1497960,442688960,4
1169250,1274113860,1
1510150,2707962374,1
1240200,726785965,4
1319180,2784870260,1
1433820,3315436927,4
1236100,692278383,1
1305950,4254897360,1
1579840,1713264290,2
1150450,2839117867,1
1242130,1490313869,3
1156430,1596916747,1
2087820,4070793607,54
1529550,3650585854,6
2093510,3557422227,1
2843227,3673748299,1
1371290,7445647,1
1706730,3669450166,6
1582710,2798898833,3
1250730,148471794,13
2798130,2379595081,1
2081570,1822333580,2
1500720,3311827116,1
1254320,2539785009,5
1263650,1918244586,5
2259550,3078474630,2
1399630,3566137478,1
1538250,4041043936,1
1483160,2257409973,3
1196540,2204210945,2
1479890,2835063332,3
1397820,4057141746,2
1188490,2294097710,4
1068280,1037702199,1
1217110,3537247395,1
1550190,2786244425,3
1523270,3955909151,1
1430930,3255068966,1
2100900,3209364575,9
1610260,4008602898,1
1251900,611284533,2
1253490,283773290,2
1202240,2076950636,1
1601260,2033213376,1
1456670,3184959661,3
1212600,1317132221,1
1132570,3808921417,6
1007320,357042705,2
1189960,1623686920,1
1554010,2750971743,1
2733720,2572384957,1
2600480,1641203068,1
1472870,2780371055,1
1006860,2802949459,7
1420730,1715998700,1
1533580,1232312642,2
1441390,1826600495,16
1295070,460821475,1
2532460,619038622,1
1785660,1343943166,1
1552630,2206290660,1
1414500,1568441706,3
1275640,1713518330,1
1584930,3980647874,1
1418220,823921319,2
1355540,2931812711,1
1343300,1994456263,1
1324300,1318774933,1
1305380,1109988858,20
1111010,1725634122,1
1309140,3047313493,2
2394370,2204760785,20
1447300,1569625877,2
1469800,2204745125,722
1408920,1189510920,1
1333330,1524741462,1
1236690,3535763931,1
5061295,3891146327,1
1343100,1501191988,19
1241810,1644223771,11
1212450,1223539361,1
2516940,2645578910,1
1486170,2896354074,1
2068960,2773502114,1
1537320,4076980637,8
1896030,3450736695,1
1262460,2034445370,3
5084471,2561548641,2
2845747,3916704930,1
1501400,21135017,1
1340780,2786744675,1
1161310,1746460605,6
1381160,3370409800,1
1555910,1717048790,4
1130380,748290758,3
1343150,2929592162,1
1487660,3956185817,3
2127660,2531781616,2
1409140,1737569915,1
1638710,2544598038,1
1243850,107821589,1
2750580,2785681100,1
1402610,2619670029,1
1587610,895883194,1
1351280,4225260063,1
1008350,2091575906,1
1363280,4143245124,1
1504690,2384302552,1
1165730,1849863119,4
1215810,460230325,1
1166600,1925281679,2
1392580,1712394290,13
1008460,547989611,39
1419350,3685566940,1
1291070,1721089505,6
1240530,1829904755,11
5071038,3469121747,1
1334570,3889686904,3
1431330,3246671726,1
1588810,3188351284,1
1534930,1828312578,1
1309080,2962539388,1
1010540,3272714948,1
1202450,2101562930,1
1260720,3786414207,2
1759900,3400670572,1
1269510,1887721850,1
1194480,87426376,2
1269320,2008529607,12
2759720,3154590741,2
2838806,1231316796,1
1600280,1999174956,1
1547710,1953782315,3
2083510,1962754190,1
1611200,1787355153,1
1535780,3076353359,2
1297110,1716180095,2
2746390,2459623278,2
1357600,2782175000,1
1399290,1204295224,1
1582670,2754392964,4
2701150,861776044,1
1421020,2274545709,1
1384860,1595945698,2
1933460,1597199069,1
1426640,32078623,1
1165670,1925067659,1
1393790,2628023900,1
1515580,2226264331,1
2067920,2661320317,1
1515630,2504652305,1
2158900,2650187300,1
2089060,1375182957,11
1309800,2371379267,7
1604300,266779513,2
2028920,2204744690,466
1347870,1324154748,1
1010550,1602052658,1
1301000,2666466833,6
1535850,216180523,2
1182620,1711559960,12
1202440,1699703816,2
1456970,1423769699,1
2455170,2517890638,1
1498020,4014405403,1
1006950,3770331173,3
1228100,1152226457,1
1172660,2716527478,1
1498460,907453136,2
1409540,3376832618,1
2639860,3965610521,1
1004600,1935415451,1
1486720,2470556808,1
1007230,3730665568,1
1004590,3208553127,6
1189100,1938566555,1
1578790,495124489,2
1169610,2097049470,3
2834051,527537080,1
1622960,224319554,1
2130460,1009611635,1
1069370,3678537255,4
1461140,2522474780,4
1398940,4143626486,2
1041580,4185165817,8
1427900,3189352072,1
1349650,877392564,1
1352320,958920641,3
1625780,709311017,1
1539040,856595792,1
1513250,1581408125,1
2840353,1787308173,2
1008990,993695804,1
1349070,3791100378,1
1472600,1026585792,2
2830360,1829950972,1
2538870,3396266601,1
1374630,1664124353,1
1430250,2647669520,1
1476430,3189548692,8
1583250,895883194,12
1202150,4220409974,1
1212250,1067613176,1
1535880,216748198,4
1382980,143219513,5
1012050,3145955489,2
2140410,2031699095,2
2593990,1712772740,4
1559700,3013252508,15
1365520,2784912020,3
1636530,1649907197,3
1472610,2063646237,2
2748190,501765410,1
1337240,4225248347,1
1278340,1073487660,1
1107460,1256895666,1
1469850,2936818573,1
1073510,2871314305,1
1013050,593179521,2
1941690,1263314470,1
1048830,927475967,1
2797820,2535498515,1
1012740,3737327126,7
1362240,3059719652,2
1447260,1604752562,5
2755370,848414374,1
1343950,1331899251,2
1319750,3799197123,4
1333560,1651318131,1
1600130,3444438222,1
2109010,1715406665,1
1942730,883411547,1
1551370,1971379553,2
1484920,2018139950,1
1207230,1964347595,1
1188330,2356371930,1
1547330,2301952425,1
1516260,3841110610,1
1601010,2836897747,1
1581800,3364067351,5
1071940,1206576527,1
1610430,2163737532,6
2419590,2272186661,1
1585410,3145960709,3
1315720,3723564522,3
1247030,2701272189,1
1116840,3320021866,1
2643970,319715906,7
1283190,3064717489,1
2662220,2403630447,1
1012840,676361995,1
1956960,1826135045,4
1539620,377088938,1
1394750,2132114421,1
1576280,2066061599,4
1529520,3396939927,1
2096500,3396090787,1
1253090,1970669210,1
2770820,1963800365,1
1199080,1511909077,1
1401000,92033209,9
1726250,2069454732,2
1215640,1204364800,2
1675160,4191160282,1
1400010,3536244813,1
2738110,1644964576,1
1465610,2002715133,1
1183090,1957565075,1
1085030,3737732063,2
2098230,3200236335,1
1604690,3528058550,1
1156210,3426576751,1
1517150,1960840625,2
2820720,4293067004,4
1008790,2489196799,2
1299400,2373372162,1
1316300,1305136364,3
1108890,2096142492,1
1518320,3688682977,1
1257800,1801213464,2
1433230,452231676,1
9000009,2886320972,2
1252560,4199990493,2
1312270,746782809,1
1878950,664148204,1
1538960,3360205907,1
1595240,3669349434,1
1436510,3936344121,11
1254760,3574429393,5
1588880,252433372,5
1514140,4021921695,1
1523060,3724462616,8
1164170,2062833899,3
1004820,1408327406,1
1189130,195383392,1
1166580,3547520838,1
1157170,460825390,64
1461160,1421149719,1
1453680,590583603,1
1009660,1852170137,5
2038920,608443342,1
1132190,3766958482,2
1384830,2971507209,3
1423350,3482196942,1
1165090,1863078015,8
2200110,1964089205,1
2122590,3611501771,1
1492000,3474403450,1
2670930,2784860690,5
2836993,129161056,8
1563040,830720112,1
1211510,837646568,2
1419360,1743291251,1
1535910,1827194840,8
1577270,1705665440,1
1453640,1716749510,1
1419270,1730562678,1
2108380,682496098,2
1384840,2971507644,1
1559160,3768467195,7
1312280,1199247261,1
1236620,1490924905,1
1595480,3959816889,1
1687540,1041060518,1
2028970,3657165115,5
2556470,1222734375,1
1008120,1286436217,1
1429170,3865537626,2
2084840,1721599325,8
1009320,1315616725,1
1219060,1783053320,2
1410710,2253055877,1
1545430,1106532569,1
2839919,3662677278,1
1543130,3664175579,2
1924010,4044436314,1
1384830,4009102962,1
1155650,2110750785,1
1005290,2093145641,1
1511870,1822893425,5
1253780,1541450521,1
2669380,3978844108,1
5095615,2507972288,17
1410780,1139892384,1
1002975,2421807742,2
1499310,3616178426,2
1951580,406607741,1
2827091,460824520,6
1109040,2765717618,1
1282440,3102544641,1
1199660,2373143405,1
2038160,1016712207,2
1184480,3967177052,6
1559560,2892016268,1
1532710,1325480293,3
1202150,2104893076,1
1236140,1162029670,1
1009290,157655575,1
1367870,3720906098,1
1169360,3977565048,1
1257240,1626874523,1
1469170,1700864572,8
1589090,1225064859,1
1598340,2658643602,1
1171900,2655237215,2
1160820,4071214745,3
5214935,4034985390,1
1311870,2582188166,2
1516990,1503786864,2
1601900,3844742287,1
1605330,1947400965,1
1595640,2940964075,1
2671000,4193956771,1
1406740,2158778182,1
1406050,572846257,1
1580300,888941668,1
2062980,780283283,1
1627400,2761970306,1
1538330,291803424,9
1490430,1819868435,11
1214450,3739489716,1
2078760,1636860257,1
1008530,3980788184,3
1214810,954942723,1
2081360,1953776660,1
1630810,1184797024,1
1386460,3253704443,2
1492670,2652238148,3
1583250,161968448,1
1512130,1054766255,3
1587290,2674228661,1
1928540,3741564316,1
1163940,1359812797,7
1451150,3837223345,1
1326800,2851439206,1
1316470,2691652516,2
1172400,1198621236,8
5007668,1820447697,1
1282000,3734272441,3
1531940,1714019450,1
5504255,2168059427,1
1469570,3920063758,1
1055900,868951836,1
1220310,108663918,1
2147630,1722423650,4
1402730,3499277923,5
1591100,4254783634,2
1212850,3004088387,2
1009770,668310084,1
1485350,2085429926,1
1318610,3437381511,6
2028960,2204397125,1
1453790,1083697863,1
1294630,2651712581,2
1693400,181879551,2
2082140,1717602545,1
1003660,1507691761,1
1263490,3245557098,1
1333240,2786739020,1
1522750,3740263991,1
1329650,438243057,1
2842124,1725044948,1
1378280,3865975232,1
2072830,1059271176,10
2841117,3545592050,12
1590840,745917351,1
1375760,1807121112,2
1294400,2550619168,1
1163700,529332346,1
1535200,3407068489,2
1386810,739810702,1
1124570,1598279164,1
1340730,1558279982,2
1229880,1829904755,39
1510890,1915374096,5
2457920,4047505990,12
2130720,741601348,1
1254690,3573091333,2
2067900,2652648095,7
2825982,2229407658,1
2005520,2875614414,1
1605810,1737102725,1
1312060,2941500005,2
1430610,460358200,1
2394070,2785961675,1
1257740,1956314015,1
1209250,759057927,2
2585230,3274934729,5
1333400,2823024070,1
2134680,3604043513,3
1221520,1960667060,1
1154060,1848241997,1
1277040,2401333610,1
2842105,4089332153,1
1489700,2330501116,3
1591330,3747610012,5
1006730,4250210705,20
1340450,450331373,12
1414410,2806043692,1
2082450,1717602545,4
1492460,3221928159,1
2198210,2033955924,1
1234730,419667769,1
1549350,1963039985,1
1167690,1379999451,1
1413350,1865447765,2
1591090,2691331385,1
2084000,2895688574,1
1489350,2786755550,2
1358830,2218946974,1
2004010,291797334,1
1232090,1613679161,1
1524090,4277790315,7
1611470,3999202243,2
1069930,2129487583,1
2154810,3094839214,9
1223660,2145626115,2
1326980,3980866919,16
1928670,3559691585,13
1399420,3014940637,1
1588760,4214403587,4
1257420,814644316,1
2145640,1376249901,2
1550420,931210496,1
1345640,191762294,1
1432410,3941300833,2
1009470,4283028151,27
1530670,3973719477,2
1319210,2522473475,1
1107420,1596460024,1
1401240,4141191140,3
1219510,1391123931,1
2652950,1716743420,2
2110710,2403755691,2
1296400,2007970197,49
1739410,1106546650,1
1578850,895804024,11
1440050,2302204824,9
2772770,3057756834,3
1281000,2392381146,1
1005800,4256769389,1
1036560,3210345011,8
1277440,616749441,2
1516580,3087867784,1
1296320,1434452875,1
1212330,157551416,1
1236600,1280042995,1
1307710,1718096270,2
1454080,2650187300,1
2827815,790093120,1
1534520,1962197390,1
2692240,3381586917,1
1364520,3842672383,3
1151260,1843493539,4
2120010,1351298866,1
1630640,2651834154,1
1523150,3834611141,1
1238660,2331950270,1
1158880,808424796,2
1495390,3321863107,1
1299740,2695691873,2
1293700,416014606,3
1604420,3963536908,1
1212440,157730201,1
1354030,3813179916,1
2005860,2596325043,1
1558670,1957552025,1
1253190,2362029643,1
1847510,3803257279,1
1596810,1986078230,1
1199350,3048788056,1
5043332,1649271392,2
1211960,2159891884,1
1349820,50400243,1
2002320,2560730584,1
2029460,1827863540,1
1776680,1053653895,7
1076000,330862449,3
1499730,2644430510,1
1421900,2581620491,1
2139720,2204186585,24
1355810,248335291,2
1220550,518105468,1
1126980,2294952010,2
1633990,2645017325,1
2145990,68755042,1
1514580,103150097,1
1285820,3727966609,1
1161390,3696653856,1
1419120,2070196974,1
1072500,3295411426,3
1579130,1762766156,1
2717510,1686956519,6
1397220,1260643081,1
1230010,2107207464,15
1333040,2960607147,1
1473740,2721851026,1
1596640,239027985,1
5546034,1362237523,57
1083360,3512609807,1
2140410,1375180347,15
1589060,495126664,4
2834585,3754205890,2
1102750,1195686855,1
1518070,2156756914,1
1461340,2754945414,2
1407460,1113385814,1
1558670,1661283122,1
1199720,2545365601,1
1527140,4279371022,2
1415190,1439572086,2
1008600,3360036863,2
1368370,3465161333,1
2097680,1339428333,1
1607050,2208184328,5
2026590,3826431377,1
1580160,1737300650,1
1586820,1197025148,2
1191740,2306491139,3
1581310,1710863525,1
1008850,2041328997,3
1584460,1737109250,4
2100760,1947251326,1
2754040,3059244994,1
1571320,1351845771,1
1254200,2565275244,1
1387990,406160283,1
1364360,2103878527,1
2847749,1136301310,1
1519590,3502466365,1
1197960,3537177360,1
1333750,2203794920,1
1004830,422880439,1
1242590,759067062,1
1594450,1682629939,2
1396130,818873351,1
1552130,258093674,5
1423310,1737097940,7
1590870,22916851,2
1496730,1719693155,1
1591250,1825610412,2
5511455,1870777347,1
1288810,1661287907,22
1385780,1956500195,1
2259190,2779538030,1
1343100,1956040400,5
2834429,129168886,4
1005190,4245887276,3
1411260,3438663315,1
1622100,3486506666,1
1270760,1454189429,1
1165970,1859896425,1
1168610,1714302200,1
2119750,1375180347,1
1590145,1722228770,1
1352770,2343344213,2
1188400,3211888205,1
1006460,1796942726,2
1329010,2649542195,1
2086960,2379595516,72
1573380,55402990,1
2756400,3610054620,1
1721250,447414500,1
2835053,3661585037,1
1593800,398756281,1
1357980,1115279608,5
1352150,1737111425,1
1401210,3883663745,1
1413180,1186019721,5
1009470,3713740821,1
1598810,3492315353,1
2827588,764833011,1
2219050,2204762960,3
1105630,1218809246,3
1008170,3166138602,1
2083100,1955678045,2
1160570,2967343671,1
2839962,1106211757,2
1441210,1045586558,1
1149830,199620009,1
1492570,1089802482,1
1528060,2949138853,1
1489240,3698537219,1
1634500,3574385265,1
1358870,2144391706,1
2087700,251148354,1
1542160,1271968427,2
1087090,3859416107,1
1393900,2694074842,1
1333550,3327807893,1
1010240,1024507890,1
1002290,4059000958,41
1405800,984607581,6
1432510,3510267832,1
1154340,1232585138,2
2016470,3537176490,1
2019810,1436510792,1
1121830,420744225,3
2007530,2078933059,1
1532350,1127476197,1
1315860,2963573620,1
1296370,1712412125,1
2085200,2379811092,3
1263770,1806210336,1
1243660,109161389,1
1361240,2609488308,1
1377590,3438495985,1
1297130,806291720,2
1937890,2428624724,1
1220570,173711618,1
1913290,3467219582,1
1111010,1549455147,3
1214330,734842521,5
2206920,1643498439,1
1540170,3768385324,2
1599580,1939609685,1
1565440,2008065897,11
1543890,3757195303,1
2008870,1026902624,1
1345520,1849098771,4
1171290,300330532,1
1589600,644188301,4
1027790,1045973549,1
1260670,1711638260,2
2029010,2204186150,351
1510640,2929004868,1
1335080,3111282149,1
1004540,1313752330,2
1457200,2466902140,1
1517380,3022602776,1
1018770,3757385234,1
1164480,1928871299,1
1570620,291801249,1
1522050,721734519,2
1004320,2579448798,1
1077060,3566716619,3
1749990,847024560,21
1369070,3461680898,1
1338240,2094085577,24
1005120,1964083804,2
1327770,2542282884,1
1011430,850984303,1
1054850,727958598,1
1164240,2432411639,1
1921980,2644529690,1
1554720,3271147689,1
1226960,2650116830,3
1283470,2598198694,6
1225620,1700770742,1
1283240,1356915869,1
1404450,985328337,1
1211140,1721083850,1
2555520,162534818,1
1601940,3075992099,1
1306390,1249133087,1
2839040,2012825550,1
1426670,4109697734,2
1447100,2977064338,1
1145840,494425904,2
1466950,2432871800,2
2028970,2204756870,106
2750120,2905997847,1
2061250,1198041381,3
1459870,1713254720,18
2061540,2170675358,1
1423050,2524665409,1
1375610,4283029021,35
1913290,1622300984,1
1516480,4044272582,2
1536010,1044700630,6
1105360,605081820,3
1468060,1721599325,1
2540200,3650499339,1
1646170,1414398058,1
1600290,2915875030,1
1519290,2521671147,1
1006780,3137081624,1
1408810,727520475,40
1001200,2380358343,1
1374700,2931999024,1
1284220,1713509630,4
2272580,2594491136,1
1106790,2609560699,1
1777640,3915759546,1
2653280,866864044,1
2006780,3888240737,7
1479050,3815553332,1
1376760,3448798090,1
1013240,2274796872,2
1253780,2655027545,3
1491970,472015599,1
1464530,3361009543,1
1510530,1707888405,4
1544730,1494443535,5
1599620,1737095765,3
2206790,3822501401,4
1294170,753253362,3
5072352,3565285578,2
1394840,4074640872,3
2773260,2784850250,1
1576520,1960649225,1
1413940,1186277676,2
2819990,3698328794,7
1298200,1953080225,1
1004160,465920521,1
1307550,1377034300,3
1675270,672053853,2
2846738,1737572525,5
2528600,3363368131,2
1508380,597328413,1
1162370,2063305004,2
1188880,81884087,1
1352710,3675431946,1
2012300,1221056248,1
1032320,2374524370,2
1317970,3341885526,2
1590970,676609568,2
1493370,3257617734,5
1156690,895793149,2
1056230,1751829609,22
1581590,2783807990,1
2609770,1707864290,2
1424560,1840394172,1
2018230,370841349,1
1206080,2770767584,1
1427240,1737106640,1
1268170,3457373601,1
1489340,2786755550,4
5042532,3048966773,14
1297250,3991670283,1
1009600,3829402429,1
1007140,4064449313,1
1341620,2637501077,1
1264770,2026275503,1
1008630,4283757120,2
1075000,132798084,1
1049110,1105081739,1
1576870,1448238608,2
1191320,1717612985,11
1009990,2452154786,3
1166600,1948044825,1
1134450,2413244341,1
1324870,428830437,6
1473230,1710810455,1
1254380,2546677149,2
1313000,2204385380,1
1408950,1050618030,1
2096480,1924467192,1
1158240,4200581245,1
1439090,2272800129,2
1157080,2519463878,13
2080730,1956216575,19
1304970,2684750118,1
1516925,1955715020,5
2100980,1953087620,2
1375690,1588401807,2
1156690,1515650917,2
2835297,161503423,1
1007480,1679828520,1
1229970,2096890134,5
1853490,3071607777,1
1008110,2781741248,1
1293850,3881239847,2
1389240,1463830933,2
1731390,3953348593,1
1434290,596037066,1
5334214,2932758869,35
2718360,3537172575,2
2029110,4283592781,5
1444860,3123557221,1
1246700,2798903014,1
1502860,1712209850,4
1351360,4225260933,1
1996130,548141887,1
1421950,626106908,1
2024480,1691091324,1
1586270,2008542222,1
1448930,1662792679,1
1286070,1775846727,1
1220800,2029014477,2
1409110,748966274,1
1608600,430043860,2
1922760,3198460061,14
2823760,1100454048,1
1373860,4237708223,10
1084980,1683428334,1
1229350,3236154592,1
1406150,4113273628,2
1402540,1878475704,9
1460850,3935364685,5
1557470,1881238909,1
1342470,1958442449,1
1453890,3682893760,1
1006460,2591182846,1
1426140,2895537757,1
1487590,1238142942,1
1467530,2964792240,2
2761340,2085771616,1
1551710,931831127,1
2840846,3481135107,1
1213870,3009703007,1
1008910,157196650,21
2174510,1826138960,1
1510650,1247002465,1
1522950,3739679351,2
1589100,2904957834,1
1675570,1462756024,3
1480540,1164701406,1
1570950,1689563990,3
1203270,1060618593,4
1269130,3882568297,7
1387210,1711636085,3
1535170,747619642,1
1200220,4182844302,2
2837354,4229293039,1
1495770,1868744280,2
1038460,1611465881,2
1554840,1712686175,4
1184270,1444587179,3
1010240,1472190641,2
2095670,3809460145,2
1288550,2645853830,1
1054230,2162296081,1
1461190,112189374,1
5712262,1055044605,1
1423680,253706096,1
1576060,3406935755,1
2069620,2204744690,1
2837010,2798454964,1
1272680,1710815675,1
1194480,3299659060,1
1433650,620029823,5
1000420,2008528737,24
1301460,550721174,2
2850277,675910429,1
2771030,3936060936,1
1448800,3220325672,1
2096500,3030047223,1
1303020,1915433779,1
1090430,3970753559,34
1843110,3679528577,3
1096000,1377898659,1
1172400,2306677754,4
1014680,896039907,3
1451770,3449991723,2
2081420,825971512,1
1602120,3040410833,1
1313830,3451253049,1
1541290,3366635724,1
2742750,1614297201,1
1550160,261468585,1
2780660,3723462732,3
1595290,638624847,1
1048590,3845673757,1
1001200,3941299963,12
2835840,3189552607,6
1001720,1498192257,2
1366770,3952592753,7
1116400,364273653,4
1036130,2128098143,1
1334860,904631281,1
1200780,528297887,3
1428280,2008530912,1
2831062,783179129,2
1462730,938081784,2
2012290,983807382,1
1654870,1545408375,1
2844736,2485164067,1
1724910,2876238887,4
2085080,2008540917,1
1461840,1179259269,3
1537780,2363742111,2
1006830,3896837630,32
1216250,3145391729,1
1423310,4283588866,1
1611580,2896631573,1
2838743,3783444881,2
1208840,3657167290,1
1365980,3039701473,2
1591250,1825144092,1
1069810,2573117982,1
2826454,1304235916,1
2215340,3578692916,1
1449190,1227856011,1
1361330,1550021082,2
1510640,1717613855,2
1606560,1813975436,16
1394800,3760465512,1
1366080,3581833708,1
1217110,1831714355,1
1554710,2654727830,9
2844238,2650687985,2
1579110,1518746816,27
1509480,3084147764,2
1532870,3635992132,1
1399610,3559629008,1
1586600,4186484269,1
1467150,2413604808,1
2236110,1716005225,1
1122080,2706890404,7
1469530,1982748726,1
1654570,3675373828,2
1222020,1523476890,1
1538100,1823091350,1
1331300,1895983807,1
1254180,2319289704,1
1638900,501258537,1
2834812,2204765135,11
1263710,1914932061,1
1606930,2399657856,2
1010080,3189537382,9
1387240,3145945049,8
1012980,4075472354,48
1530970,1163801991,1
1297910,194284697,1
1587610,3684570026,1
2200440,3809221920,1
1001090,1198050081,1
1587040,1892117392,1
1305440,2054747912,1
1576870,1737293690,85
2425480,2737106447,1
1611670,940426089,1
1177800,3643128751,3
1007310,2546880360,13
1294940,1962749405,2
2069620,3189538252,1
1376910,3443617675,2
1281730,3356779900,1
1391630,2486028818,1
1804590,3387516063,4
1433570,445023291,2
1116400,364067028,2
1612920,1362969534,1
1554100,2833850118,1
1532980,815396133,1
1381120,3255374970,1
1548570,2563922050,4
1546200,1829137850,1
2148805462,298987004,1
1269320,1722423650,5
1355910,4169075132,6
1597040,1419495272,2
1208520,396557245,1
1366410,1736745155,3
1319180,3310904340,1
1725390,3801062396,2
1535560,1506542554,1
1106780,2888554830,10
5007671,1820443347,1
1168650,1037091684,1
1629200,1827253865,1
1545710,1494225451,14
1521400,1711366820,4
2835613,4070790997,3
1238680,2331949400,4
1408270,3551829804,1
1502390,3723462732,6
1262530,3375795304,1
1548530,1448230343,1
1546550,2777659265,1
1543240,3412221404,1
1529560,4283583646,1
2849068,110632357,1
1593410,3807497920,1
1525680,3145970714,39
1955800,1736736890,4
1629890,1866762112,2
1374970,3762123879,1
1721220,100081220,2
1002970,771756521,1
1848680,3624729856,1
1448810,402094949,1
1351600,839902548,2
1270990,3649873711,1
1477560,2340152143,1
1858120,2509805230,3
1473740,3657180340,1
2070970,2469737868,7
1709220,2029367193,1
1000580,4186488184,1
1421980,529274935,1
1309260,18274147,1
1459330,2974194241,3
1487400,607844206,6
2849963,1187517335,1
2658510,1341924923,1
2771030,3936334116,2
1511720,1582173996,2
1037670,891726479,1
2187830,1955159960,1
1548550,1271807159,4
1497930,442698965,1
1600900,2788147985,5
2179300,1722140030,2
1660820,3084570871,1
1760690,4286767425,1
1004890,1637177255,1
1415030,1315893756,1
2659710,2342061789,1
2832772,2858851533,1
1184160,3465585120,1
1167860,2655244610,1
1022880,2074377543,2
1339220,1558085972,1
1597350,511904777,1
1259980,284027033,1
1360410,2629675767,2
1393840,2882646800,1
1565440,2008540917,18
1421970,529271890,1
2261260,1443079797,1
1585410,2682434889,1
2191940,3952721278,1
1318090,3223534641,1
1327120,397212964,1
2088010,1716555065,2
2269410,2204762960,2
1041560,3012631640,1
2029090,2204195720,132
1352590,3674372721,1
1236650,2732310077,3
1314600,3424098855,1
2571680,3703136633,1
2270820,1375186437,1
1068660,77669352,1
1601890,860319946,1
1583720,375688733,1
1432560,3351635077,1
1599960,3558111771,5
1472970,2784673640,1
1529520,4283590171,27
2084030,1128787536,1
1499490,3621035636,1
1009500,1375191222,12
1341840,1831223675,1
2727760,2131266168,1
1121870,2414107916,4
1410000,3577261610,3
1161720,1933475774,1
2836285,3858252550,8
1600780,2565562833,2
1313960,3541061844,4
2056720,1827435695,1
2088950,3750341175,1
1581210,3246340984,2
1338210,541805618,3
2069620,3189270292,3
1142240,2323610047,2
1579470,2522473910,1
1206050,4157290589,1
1434750,806925936,1
1535140,2582557556,1
2147813592,3038808414,1
1474620,3154880908,2
2719740,998925701,1
1523060,521359796,1
5228680,1469408227,1
1445640,4074919904,2
1926280,80265041,2
2835645,1304243311,1
2788310,1865545944,1
1536000,3980786879,1
1117030,1510945381,4
1657970,394343459,1
1169870,2451595376,1
1597890,3507848778,1
1592990,4171724195,2
1429740,2652598940,1
2409180,3458298420,10
1633640,409766544,1
1188760,895787929,1
1524640,616667213,1
2232980,2955138143,2
1367490,3848977647,5
1205780,682311573,1
1579350,1737110120,19
1619510,2628795975,1
2029110,2204743385,70
2831677,1021341250,10
1223340,4081683826,1
2395490,2031696050,4
1588410,1661815850,1
2833829,2737531051,2
1468060,1962749405,1
1140250,1666590767,5
1481480,1828577135,1
1433880,1828484480,1
1069720,1435690795,1
1589350,3737793312,23
1984880,396561595,1
1213400,870600718,2
1321610,2781904430,5
1776450,942379155,1
1144420,2885919857,2
1446260,3817070300,1
1264380,3431411165,1
1229650,1833912494,1
1579260,39084553,5
1320100,3518603853,5
1279700,78746853,1
2026790,388532017,1
1490230,2530078889,1
5031124,3081255183,1
1232610,1962664429,1
1451750,4264949164,5
2131810,2655034070,1
1519610,3474776433,1
2008880,153110205,2
1078040,1711133160,11
1190860,1129441285,3
1950300,3398011036,3
1448800,1691804347,1
1003430,394053827,1
1417030,3580452510,1
2164700,2733013069,1
2767630,3399577857,1
1591110,4008541377,1
1469870,2937358843,1
1000390,1094424881,3
1006940,3985878075,1
1335640,985336167,1
1505990,355011464,16
1047880,2249521649,3
2215370,3445081194,1
1543895,1969744856,1
1552690,263350670,1
1451210,2393840321,2
1439580,2144495574,4
2063900,1908979961,1
1316690,3708585572,1
1296300,2655026675,2
1189360,1377449957,2
1121750,2906285966,1
1259290,2104828696,7
1141620,1472689854,1
1589260,4272768555,1
1618040,33070902,1
2289030,442365862,1
1386840,738774097,12
2682480,3932894059,1
1419590,3205860128,1
1243910,1992769862,1
1490160,1829071730,2
1449530,4047813029,1
1169870,2839775424,2
1164260,1929067049,2
2056860,2955673980,2
1245470,560135092,1
1630410,433236145,1
1419110,1218956472,2
1288960,3873348063,1
5323489,2180406069,1
1215010,957888543,2
1438090,4089429554,2
1062300,1321783480,1
1453170,3887704984,15
1004200,2822477275,16
1338180,2094651512,8
2164600,3926953633,3
1464700,3034679503,3
1595640,2705462047,1
1529610,4132077027,1
1292300,681887046,1
1110460,3761219274,4
1982310,993888944,1
2410560,1521954032,1
2425360,4251272423,1
1489940,2122734676,1
1550020,810613020,2
2153790,1713838055,1
2029130,2204766005,36
2028960,2204193980,9
2108890,1978296161,1
2097940,207080629,1
1472140,2267876458,1
1577100,4283574946,2
1597200,4237396782,1
2120100,1853181090,1
1546800,3328477631,4
1483090,3365030111,4
1391780,1822913435,2
1077410,2686879289,1
1483780,718937863,1
1203520,442596693,1
1429750,588568544,1
2757880,3365625550,2
2757880,4198555242,1
1031600,442376737,1
2115090,1816949865,1
2847552,2553245470,1
1427510,3746692895,1
1576100,1925836304,1
1324710,550142802,1
2005440,2454097085,1
5546313,1534875138,1
1100220,2133095590,11
1539100,352736768,2
1420490,2088611153,1
1012810,593728249,2
1415270,2462249342,2
1489880,2245257646,2
2837492,2915909738,2
1408900,4281583156,20
1205870,1291056226,2
1130650,3164628516,2
1350040,2289671793,1
1546220,1396133709,2
1310720,1962745925,1
1591420,159854514,1
2011570,1502975176,1
2834885,1717622555,1
1071450,1971376291,12
1355970,4230867177,1
1577120,4283579731,4
1314050,3535947549,1
1263890,1912475616,5
1581140,2878840550,1
1589190,2655225035,1
1581690,3642088587,1
1477310,3382580488,1
1005900,3310977855,31
1223800,2769020093,1
2002300,2557985299,3
1952430,1016958193,6
1580310,3317694168,6
1155110,3683323724,1
1328250,3872674181,2
1451180,2393839451,3
1548380,2464703922,1
1259490,321561270,1
1554230,1719707945,2
1590820,3692842781,2
1633990,2204392775,1
1442240,460490718,1
1955900,1719192035,1
1258950,2780364530,1
1477820,4029908152,1
1605870,2194932429,4
1955950,1721083850,1
1004550,914552696,4
1612900,289942579,2
1360480,1722726410,1
1332760,3423378195,1
1415270,3048174332,5
1388270,2336486674,3
1596960,1736142763,1
1514320,1913041488,4
1577140,157202305,7
1531030,1889496780,1
1468160,710289406,3
1255110,3875064456,2
2259870,2783319050,1
1288850,1736536790,26
1605840,2194928514,7
1595730,324644621,4
1315580,3119156816,1
1588920,3941298658,1
1471140,3182168163,1
1156990,2057055593,2
2829861,3210344576,1
1588260,2738358715,1
1602990,2609483958,1
1254730,3594671683,4
1412170,3832561122,1
1336360,4229182301,6
1516490,2622664429,3
1550140,842473290,3
1321530,4077927749,2
1413750,1099720941,1
1124800,1231232883,6
1282100,987880309,1
2667510,2194917639,4
1155020,3265029383,1
1378030,2998661395,1
2755350,3798610129,25
1515600,4216656059,1
5301126,2555147457,1
1372630,2925560212,2
1295060,2037307996,1
1312420,207702099,24
2711110,3941300833,2
1063870,2243153470,1
1289070,1769101496,2
1454590,3885278237,6
1459030,3914395367,2
1215910,115437580,1
2844150,1524811112,1
2068900,2066682328,2
1259830,3815321382,6
2147564920,715689480,2
1208450,2744539509,1
1382970,1286724622,1
2577750,2204767310,3
1236440,2059242392,1
1939850,1046164093,2
2123260,3173612084,1
2266810,2415043681,3
2132880,1954598560,1
1323490,3060476288,1
1343100,3207944189,3
1236640,752851600,1
1387100,1736529395,1
1799830,2063307559,1
1203260,3936329331,2
1360010,2923483838,1
2830667,2060756993,1
2585240,4185311798,1
1454510,3967849502,2
1768110,3243530453,1
1465410,3525460383,1
1387500,446186373,1
1214470,2880158887,1
1178610,54057362,1
1327180,185021704,7
1203260,1736535050,7
2136300,3008447567,2
1202710,1485937856,1
2194050,100441280,12
1164340,2064415559,1
1175570,1711941020,3
1378860,2026918310,3
1594400,3046403005,1
1202260,1989021911,1
1288640,924218354,3
1466990,944782570,15
1457730,1198595136,7
1173800,1723144094,1
1545350,1103042564,1
1301000,306612224,1
1355710,1716555065,3
1901390,1955178665,1
1382970,3816674147,1
2847957,1395739060,1
2019590,3701904543,1
1451420,1771735076,1
2415870,2204676830,1
1163700,82252908,1
1254760,1716876504,1
2026870,460352545,1
1137950,2098771381,2
1355120,2451600161,1
1434040,2118985951,1
2820690,895801849,47
2086960,2204748605,17
1166440,688887158,1
1510320,237765630,1
1270850,1858123280,2
2002400,4225356729,2
1535440,2606511213,2
5069023,3401018813,1
1574550,640015498,2
1000520,2007969327,1
1297800,4237595358,6
2029080,3545592050,4
1459320,3913508837,1
1647700,3904188811,1
1400050,4293666013,1
1626220,657087554,1
1365990,3635841260,2
1577985,3940738813,1
1195970,878748339,1
2826190,1713834140,1
1006980,3379360896,3
1611020,2294652770,4
1327550,2271716037,2
1323500,3406204497,1
1002940,3657161200,5
1054970,2763125279,1
1576150,1827691635,2
1327560,2217499704,1
1217700,125662877,3
1257730,96449375,1
2150170,2007969762,4
1002970,3069914929,3
1156410,1504880317,1
1293810,4207914842,9
2028930,2204758175,334
1537300,804200573,1
1098850,2036048469,2
1478370,899571976,1
1189170,1851054560,1
1295070,2013471300,2
1382280,251820169,2
1471120,1961396555,1
1490220,3119795774,1
1002975,944300630,1
1657590,1760418461,2
1783610,1983061509,5
1268060,2522474345,1
2104000,2774874298,1
2220390,3430520181,2
2405850,1959524315,14
1849330,2442148679,1
1009610,3242240223,3
1591870,880320011,2
2557650,1655850330,1
1172630,1658776090,1
1375790,651044232,1
1102990,3766410121,2
1837600,1971379118,1
1244350,754838270,1
2230960,1713836315,2
5281681,1663870167,12
1011710,3936258426,2
1584690,4066430750,1
1236900,2389903049,5
2404720,1594033590,2
1188270,2294668430,7
2009530,3159382705,1
2087620,2173067349,2
1579350,1713532685,1
1550190,2306480699,5
1271750,4169469155,4
1790880,3747605662,1
1013130,3584139315,4
1465590,3525459948,10
1601260,469739853,1
2740860,325896036,1
1463770,1955678045,4
1599900,1884739857,1
2793090,1846336117,1
1609430,1031232579,1
2826243,2030542683,1
2850258,2850998414,1
1980510,577626901,1
1414190,1522768460,1
2836116,3595296663,1
1223640,3230428144,2
1207610,4012105877,1
1604500,3811198931,1
1313580,1736723840,1
1335210,826176967,2
1928460,2686856245,1
1599390,3032092316,1
1521410,1259679396,1
1410590,4237858223,8
2839741,2868791213,1
1010240,693301602,1
2008740,648368221,3
1446070,1711931450,1
1595120,2781910520,2
1547720,2798731624,28
1546660,3450038381,1
2842350,630916954,1
1432850,70933296,1
1358600,1188506757,1
1610160,1460534034,2
2074080,2033948964,1
1447020,631951438,1
1524720,71537554,1
1537390,3675475352,1
2068080,3040698580,1
1261190,2245821005,1
1052830,1427664066,2
1284430,828367074,2
1022290,739613837,1
1816600,2862348087,1
1195970,1414947448,4
1628730,2850088976,3
1218760,3457288712,1
1270680,3981039364,1
1356220,527595308,1
1588120,2919075192,1
1216890,2435960419,1
1374880,3914355609,1
2159390,442366297,1
1346140,4265197261,2
1580600,675013039,1
1450270,1702977109,1
2015520,3825413763,1
1586270,804226642,1
1237510,344498395,1
1069820,2158327935,2
1602440,3052729445,1
1593070,2076013981,1
1022070,2209594741,2
1399970,3657177295,1
1530680,2162831820,1
1612560,3299177511,1
1472860,509037640,1
1341580,2630989625,2
1438770,2175533268,1
1447140,1736833352,3
1485230,402315221,3
1590470,57122925,2
1289030,2949737072,1
1583480,2783532200,1
1814070,394543994,3
1596050,1059827290,1
1278040,1792116568,8
1335830,2894188223,2
1205770,454798545,1
1356700,3413185160,2
2837576,315675475,1
1456880,866723653,2
1594110,2479355298,1
1602150,1718091050,1
1232870,2621950303,2
1316340,1224159374,1
1037000,1725802649,5
1412960,1940953727,2
2229230,2940548293,1
1005460,851346911,7
2141290,1987881369,1
1006830,3897410090,1
1372010,3790604482,1
1523060,4239713959,3
1445160,1721679800,3
1000730,1294276456,2
2055530,4047507295,5
2016420,1506874546,1
1001140,100459985,6
1441870,1690815870,1
2192960,3346702923,1
1008340,3145255706,12
2320920,3020158883,1
1208520,643576753,1
2711110,3940792753,2
1228890,1638945532,2
1212660,3882120452,1
2671000,2456177928,1
1278410,2395283096,1
1477660,2554697623,1
2798130,869837949,1
1609560,3657165985,1
1006790,719847643,2
2553430,1960572230,1
1298260,1821764165,14
1428230,4044808193,1
2067670,1719507410,1
1394680,293535456,1
1518120,3034463232,1
1554820,1712686175,4
1730040,3035152783,1
2845103,1164002455,1
1277450,4030106869,3
1436730,625168286,1
2147530973,2500059992,1
1302680,3675804647,1
1602800,1549458627,1
1745510,2482648014,1
1222510,1992271057,2
1510910,3085008724,10
1356370,649632383,2
1320570,245879270,3
1311300,3243527408,1
1594060,1364121458,2
1115030,3051071571,1
1559290,2893581426,2
1133830,928258818,2
1342600,1179880483,1
1404630,2782770080,6
2836261,534784549,1
1062910,1391463248,1
2160680,608618720,1
1903700,2816713596,1
1598710,1963879970,1
2029120,2204768180,43
1546640,895877539,4
1587850,2911645317,1
1192850,4113852135,1
1589330,787590195,2
1153140,2540555264,1
2248580,1715987825,3
1529500,3795667713,2
1157130,4283581036,1
1502390,861785614,3
1205830,1375463626,7
1386520,2144601150,1
1615490,1823084390,1
2783050,327780384,1
2126820,3959566531,1
1831960,221552551,1
1442730,1829127410,2
1409110,1339616253,1
1000430,3702174873,3
1264650,3479250095,2
2835334,2560026804,1
1059300,3571696261,2
1863230,4176731812,17
2849645,3224704738,1
2083540,1297926286,1
1516920,1828579310,1
1283500,2823660064,3
1576880,375342486,1
1051450,884170734,1
1468160,2934681209,1
1322990,2780870000,4
1115010,2607384471,1
2080900,1713511805,1
1514200,188017859,1
2277520,3313111616,1
1209150,1218356324,1
2084700,2359673149,1
1075040,2225789168,2
2158990,2907178872,1
1478190,3356673392,2
1498100,4243994331,3
1579350,2522475215,2
2567590,3484610001,3
1655530,175534325,3
1004570,333368515,1
1008590,642149062,4
1659200,306182455,1
1160790,1737107075,11
1005180,4245897716,2
1461930,1997271984,1
1008920,4106801420,5
1279270,1050136275,4
2538370,196266861,1
1577100,1737572525,18
1623730,945055275,1
1346230,76712070,20
1311110,1819875830,5
1604890,1831216715,17
1320140,3549494943,9
1926110,1876181446,1
1592180,3910375937,1
5297142,1677261251,1
1352290,492393711,2
1455280,3208129588,4
1320830,4293065264,10
1434180,1088889456,4
1979920,4195731373,1
1610260,154843012,1
1846610,2717748076,1
1852840,3524111412,1
1383160,2523560731,1
1526910,1984932864,1
1270190,1722439745,1
1012050,2204752085,5
1583630,1736528960,1
1592100,2798916064,2
1721330,2124385916,2
1197020,346720447,1
1300520,2449792028,1
1228560,1957619450,1
2122310,2204756435,5
1578730,1829126540,14
1412040,3836342142,1
1004780,3728016634,1
1346150,3999015736,16
2059560,4048485644,1
1596010,939695985,1
1153630,831045133,1
1415260,1821560150,21
1591330,2644511692,6
1221690,3179418317,2
1143250,455313399,5
1540150,3312713254,1
1006860,1471898608,1
1713020,902102336,2
1609560,3999017911,5
1416220,2519779253,1
1307740,184557860,2
1110340,333956218,1
1320970,3806706119,1
2012130,2526870074,4
1013120,3515289888,2
1309320,1143370642,1
2302590,4264600143,1
1578850,495123619,17
1062030,2532456259,1
1326990,4255218510,1
1277450,1541450521,1
1309050,1722731630,1
1482290,1083903618,1
2067670,759050532,1
1228680,2335779427,1
1892230,4052087862,1
1208980,230841238,2
1289520,1762212401,2
1214410,3339961282,3
1188400,2205185157,1
1956650,1715900390,1
1310460,2403757343,3
1293990,4215967127,4
2722660,1641289198,1
1155090,2735390864,2
1295140,1230991307,4
1607980,424933597,1
1006110,1237625427,2
1206570,3354493224,1
2843838,646404092,2
1238090,2046227872,3
2224750,1881390396,1
1350110,3680893938,3
1557490,1434119966,1
1443720,3132200573,1
2086640,2204769050,14
1672910,2795663869,2
1270210,742539721,2
2540200,3233816183,1
1260640,3505991994,1
1523310,3209322684,2
1444840,3320652052,2
5741841,2312393864,1
1026990,2152032754,2
1376310,1953087620,2
1557460,1295604293,1
1203250,1717622990,4
1009000,195317707,1
2199770,110626037,1
1304450,1862452973,2
1613650,2921133608,4
1004320,3053062970,2
1551950,1829324900,1
1551940,3936352386,3
1063380,3562373248,3
1277730,419784333,1
1359730,2657992750,1
1541560,3656460777,1
2826615,2255261692,1
2838843,2659675763,1
1104750,907883199,3
2772390,3919122637,1
1346240,3458265496,3
1213720,3096788901,23
1300990,520185479,9
1440600,4102254218,1
1374360,1826896730,1
1414170,1186271151,1
2100710,344191203,2
1394770,1711622165,4
1305510,231947903,1
1372630,3193679330,2
1042610,404112944,3
1304510,476130704,4
5083353,3079389371,1