1263490,2692862641,1
1229350,3236154592,2
1922720,1312740165,1
1089890,2995743643,2
1236480,1527093415,1
1288850,895797499,1
1421850,3941296918,9
2523610,2938628036,1
1580260,404071184,1
1558400,2810188819,1
1328890,3926911404,1
1956280,1953847565,2
1366310,1345205535,1
1413690,1099716156,1
1267610,2779166540,1
1249470,340874236,1
1602800,2782263740,1
1288790,4109931623,1
1486440,2867166442,1
1409140,3681236780,1
1335750,426196960,2
1404450,1953772745,2
1293990,4215967127,3
1173340,2610237076,2
1645430,2029657505,1
1591030,960043027,1
1179430,1652525426,1
1288340,2779821650,2
1533580,1524848003,1
1189500,2820259912,10
2075690,1582215680,1
1203250,1717622990,1
1332710,4042129242,1
1327720,2434806129,1
1507540,96192711,1
1387150,2839737964,7
1437780,2651818985,1
2577750,2204767310,9
1430250,2647669520,2
2845518,405902201,1
1233140,3289377229,1
1305200,1236650820,1
2025500,1593470531,1
1008460,547989611,14
1335080,3729151015,1
1363090,3029979138,1
1473460,1964067020,1
1492570,1089802482,4
2362350,1246716531,1
1473260,2098288830,2
1573820,4210673075,1
1543895,1969744856,2
1149050,4168982437,2
1641360,3511148958,2
1413180,707367845,1
1549170,2275322850,1
1343100,1501191988,3
1236650,2732310077,1
1950870,4051013749,6
2265630,2996793981,1
1814380,3379459684,1
1163940,1359812797,3
2069620,3189538252,2
1156090,4080545584,1
1171120,1125737812,4
1359040,2711624849,1
1466290,3064514808,1
1001640,2144668140,1
1350290,3314954538,2
1531030,4172218291,2
1472870,2780371055,1
1547330,2301952425,1
1183510,3055105653,1
1339670,2916128156,1
1448580,2204396255,2
1062690,1338007931,5
1378520,3986518776,2
2272480,4151020588,2
2527710,2452160006,9
2831677,1021341250,5
2005860,2596325043,1
2835613,4070790997,2
1238680,2331949400,1
2846932,1805060031,1
2430510,594357805,1
1526960,1714013360,7
1611020,1375182522,2
1288640,924218354,1
1523060,3724462616,5
1375860,1587906342,4
2068240,3358377869,2
1516260,3841110610,1
2078550,1953784055,1
1531080,3967710822,1
1237680,3385255122,1
2733720,4242723561,1
1240200,726785965,2
1310680,2812592538,1
2738430,2796159942,1
1233220,3620807209,2
2233260,1298689195,1
1004200,1383002706,1
1208560,307973498,1
1481700,1963943722,2
1537470,3343094747,15
1310670,3454150350,1
2083990,1825065188,1
1383800,2654743925,1
1352290,1966034655,1
1293700,416014606,3
1980860,4044122781,1
1120030,3584702636,1
1189360,1680194524,1
2170870,278510955,1
1171290,300330532,1
1431110,3489917636,2
1576280,1739939085,1
1956480,2644527950,24
1003860,2327608686,1
1956400,2655225905,2
1634270,1598612670,1
2602220,1521961862,1
1140990,3189465051,2
1227940,302218622,1
2236430,2539686924,1
1389820,3165634210,1
1339010,1761332327,1
1322280,3254037312,1
1567710,469909938,1
1510650,1247002465,2
1161960,1924932801,1
1012500,3723557127,1
1379220,2024473175,3
1004200,2822477275,11
1580340,3803989671,1
1170650,1104135009,3
1556910,3332872724,1
1590790,889135535,1
1495000,3266115375,1
1956040,1824239315,1
1055780,1752089739,15
1123790,510180123,1
1585460,1964072494,1
1263650,1918244586,2
1310670,1468822476,1
2733920,919037968,2
1044220,472837602,1
1342550,1568889729,3
2820720,4293067004,1
1639050,3277258234,2
1283020,1746862412,1
1583250,895807069,1
1166270,1748924010,2
1588760,100648775,1
1316510,2694951121,1
2010760,104665887,1
1402670,4076577025,1
1406060,573425677,6
1077360,45211378,1
1189310,1847639810,1
2476580,4060404775,2
1640000,2279697066,1
1279170,1021474125,13
1500360,341581633,1
1502560,2641539381,6
1263510,1484481072,2
2028950,3980803844,14
1609270,1369635208,1
1547720,2798731624,1
1256550,47545848,1
2654310,2195424414,2
2029080,3545592050,1
1156690,895793149,1
1610430,2163737532,2
1608990,2960623333,3
1331520,1658448662,1
1241750,1953784055,1
1009970,2452151306,1
1478150,3437546706,2
1282830,2758434187,1
2217130,638360687,1
1333750,2203794920,2
1478620,4064603575,1
1373750,1890328632,1
1582670,1049918979,2
2142690,157657750,1
1250360,581333979,1
1449100,1233824211,1
1225090,1956496715,9
2829815,3979957974,1
1307580,851353001,1
2028990,2204742950,205
1570960,2907080460,1
1290900,915148789,1
1486360,2750965237,2
1264650,3479250095,4
2220300,4070793172,1
2394780,733086547,2
1591420,159854514,1
1307770,2204200505,4
1128430,238733227,19
1009980,2452146086,4
1472720,4203820298,1
1209170,2342668642,1
1852780,3399107084,1
1615450,3100581635,1
1415520,1959455585,2
1299030,408732872,12
1452590,3892015399,1
2829785,1909141250,1
1006380,76748642,2
1207590,1020149719,4
1358280,1232985445,4
1204570,2786746415,1
2845172,3078724855,1
1373860,4237708223,2
1436840,2649918035,7
1427510,65229855,1
2835646,2582897360,2
1221540,2305949959,2
1675240,670716663,1
1424550,3618249717,1
2748470,3427665194,1
2086960,2204748605,12
1366180,3581552263,1
1607310,2204387990,1
1075070,4238550197,1
2607850,2302634422,1
1541620,3367790214,2
1854850,2750711392,1
1358570,861800877,1
1580825,1955165180,3
1394800,324626786,6
1522950,3739679351,3
1392250,241309153,1
1409140,1737569915,21
1518320,3688682977,1
1162170,2431639514,1
1234250,157651225,6
2205240,2797258789,1
1166180,2390290589,2
1241470,871931013,1
1213060,1960577885,2
1556370,1088477852,1
1360520,860641390,1
2055530,4047507295,1
1106980,3954935803,1
2083540,1297926286,1
2842745,979200873,1
1383120,8433663,1
1737870,3487186762,1
1554310,1271508591,4
1829680,793850782,1
1332650,4186537774,1
1008420,2566202759,1
1538330,2885596540,9
1223980,3664316239,2
2016410,1681916173,1
1315920,2373481574,5
1283400,2733005194,4
1012050,3145955489,1
1520200,3202649938,1
1369070,3461680898,1
1004320,3053062970,1
1038790,1324550691,1
1162370,2063305004,1
1290360,4150796190,1
1201260,101344738,1
2148848013,1727255359,1
1487400,607844206,1
2098290,1711942325,5
2654170,1134714280,1
1218360,3908809764,1
1242160,1490309084,2
1724970,2901163867,19
1604890,1830677750,1
1586850,526712200,1
1578850,895804024,7
1589350,3737793312,14
1295910,2786248775,1
1077160,938864231,4
1310090,2854602150,3
1157130,4283581036,1
1610270,4236915237,1
2179210,1719976775,1
1580640,1736745155,7
1404750,2519466488,1
1404975,1213317195,8
2086960,2379595516,18
1359960,1232132236,1
1232180,1595443091,2
2221640,2204747735,2
1384090,1127584451,2
1526980,2499537266,1
1111010,990381440,1
1160790,1737107075,5
1409760,68555377,2
1476520,1829344040,3
1420490,2088611153,1
1367080,427373811,1
1093450,2819377891,1
1502840,1712209850,5
1519120,4140648078,1
1400800,1831226285,2
1208230,2202159519,1
1206530,2861647359,2
1552130,258093674,1
1596950,1877960405,5
1006730,4250210705,3
1346240,3458265496,1
1396390,4078982607,2
2409180,3458298420,4
1884450,1011876891,1
1616550,2686870589,1
1590560,2855693313,2
1373860,4054020485,1
2841117,3545239700,1
1340450,2257572231,3
1006570,303107088,2
1545250,3457247824,3
1173580,2187560293,1
1477250,1377812529,1
1315600,1168831040,1
1285390,1085520804,2
1378400,146637655,3
1350110,3680893938,2
1045150,2349333480,1
1582920,1661299652,30
1321130,4074631754,1
1451180,2393839451,12
1700640,720720929,1
1247250,404120774,1
1808020,146362824,2
2061190,2156863072,1
1949750,624756071,1
1470370,3672126521,2
1455500,1963237040,1
2182800,327575041,1
1289740,608994997,1
1399530,1523562818,1
2134680,1278059501,1
1365990,3635841260,1
1434920,1198445522,1
1605630,954386733,2
1225450,3114346414,1
2138450,4283028586,1
1077410,2686879289,4
1517700,3122411243,3
1218190,1001415500,1
1326980,1627986133,1
1828710,1737613993,2
1377490,1295390038,2
2251760,1713005618,1
1501440,3484221798,2
1321530,4077927749,3
1424450,162469631,2
1259290,2104828696,3
1296300,2655026675,1
2394830,3028240174,1
1546290,3458272755,1
1501530,1961712365,1
1445590,1190007052,1
1928670,3559691585,4
1355790,2204388425,1
1586070,90613804,1
1525260,1953828860,1
1468570,1565016682,1
1629890,1866762112,1
1397630,1281453709,5
2147290,954655422,1
2831217,3385164173,5
1451210,2393840321,12
2400050,1878692718,1
1356370,649632383,2
1415260,1821560150,3
1412270,3593576472,1
1578010,2645011235,3
1409540,3376832618,9
2835274,717872681,1
1388780,740013311,2
1385920,1709046294,1
1531790,3570269349,1
1396970,207600890,1
2068840,2650205570,1
2084840,1721599325,9
1443810,3383605778,1
1289070,1769101496,1
1008490,2204384945,6
1956260,1713835880,1
1501350,3568460853,3
2838766,1361474293,1
1007340,1339419198,10
1246990,265445513,1
2842282,3918740999,2
1609070,1361474293,1
1186630,4179074523,1
1141140,373858055,1
1378450,1829142635,1
2793840,2936732971,1
1551050,1109142777,2
1922760,2485164937,2
1155210,2610597629,1
1429740,2652598940,4
1066680,947794043,3
1445640,3675795077,1
1589820,1990287542,4
1012730,3736779026,1
1345930,3520639189,1
1415190,1439572086,2
2029110,4283592781,1
1922760,3198460061,10
1549660,1863172160,1
1288810,1661287907,11
1198550,1937359144,1
1259290,3110766742,5
1242130,1490313869,2
2835063,1964085544,1
1289400,3640431021,1
1581650,355203299,1
1247260,1713830225,1
2819970,319698941,9
2409190,3458295810,2
1599420,346124149,4
1304390,3851939372,1
2648780,1714288280,1
1382280,251820169,1
1157620,2345247106,1
1411530,1598530329,1
1499230,1520540473,1
1525680,3145970714,9
1255120,3642276816,2
2172060,2894312304,1
1206080,2770767584,2
1421900,2581620491,1
1589860,1481561513,1
1560210,1712674430,4
2837984,2465425328,1
1569920,895006874,1
1490160,1829071730,1
1297300,200722490,2
1527150,1249968269,3
1509480,3084147764,1
1160790,895789234,1
1292960,348530451,10
1420470,2987388496,2
1587610,1718946695,1
1518550,27276011,1
1535810,1616556898,2
1401000,92033209,7
1006780,3137081624,1
2081180,1958389400,1
1491380,769552789,2
1264890,1376101574,1
2083570,1737097940,1
1259750,3388865635,1
1919590,1823088740,1
1009500,1375191222,4
1021750,1969955236,1
1482040,2071923387,1
1282100,987880309,4
2270510,2036259081,1
1590970,676609568,1
2227930,1717622990,1
1606800,2399750076,1
1545350,1103042564,1
2029080,2204386250,1
1391630,2486028818,1
1337190,1719500015,2
1445640,1717811345,3
1188270,2294668430,2
2070360,1074932161,2
1538920,4241168551,1
1376640,600245477,2
1357060,1831464778,1
1257730,96449375,1
1006980,3379360896,1
1610040,104669802,1
1517090,1634225094,2
1817160,1406372250,1
1103220,1023618294,3
1502390,3723462732,2
1006810,3137078579,1
2148570,1773210923,1
1164170,4004628005,1
2842572,3128125768,1
1841990,3670463197,1
1687800,414299133,1
1464180,2542087448,1
1010240,1472190641,1
1164510,2153182529,3
2322310,2582898230,2
1604890,1831216715,4
1421970,529271890,3
1205440,3754741805,1
5592700,4120768893,1
2117170,337874443,1
2845606,980901632,1
1172140,3319481866,1
2008740,648368221,1
2009220,3498525144,1
1590290,1650467042,1
1574310,511224650,1
1529880,3943694037,1
1250390,583515939,1
1288740,954253364,2
1188760,895787929,2
1000730,1294276456,1
2078680,1278891574,4
2732170,993676425,1
1378990,1944644585,1
1190970,4196297417,1
1471290,933827544,1
5694634,4272898872,1
1358690,1071582237,1
1518180,3064537100,1
1013190,2195602329,8
1221520,1960667060,1
2262420,971787501,1
2101720,461221523,1
1008870,2314743878,2
1409310,4240851803,1
2425930,4283573641,2
1203260,1736535050,4
1299630,398756281,1
1310460,2572323919,1
1338420,92035361,1
1520300,1360901129,2
2785230,2110528315,2
1448290,1963610705,4
1413230,3405826534,3
1385900,2794662834,1
1000220,2849181298,1
1201490,346008313,1
2711110,3941299093,1
1195970,1414947448,6
2037940,1848143564,2
1487660,3956185817,3
1956480,1297923241,2
1531710,3511332528,2
2830566,390908040,1
2834273,442472026,2
1591150,381459266,2
1299170,3964137963,1
1145910,4042732621,19
1410050,3491523545,1
1288850,1736536790,12
1497190,2173089875,5
1155710,1902977385,2
1514840,3189542167,1
2772770,3057756834,4
1445670,2644907628,7
2733720,2572384957,1
1547330,564929540,1
1418280,3682549113,1
1416190,2992425587,2
1181390,3605840807,2
1505990,355011464,2
1247260,2798721184,1
1227440,816247660,1
1245280,1822613285,1
1577100,1737572525,5
2159100,1737110990,1
1385570,4145742248,1
1410590,4237858223,1
1420730,1715998700,2
1516160,1719514805,1
1512130,1054766255,1
1047470,1025236892,20
1005200,4245882491,1
1465460,2114421198,1
1009550,2633643662,1
1370870,888802059,1
2078260,3915031083,1
1429340,2782765730,2
1551940,3936352386,1
1296370,1712412125,1
1530280,3147259932,1
1195960,460364290,1
1555930,1961895500,1
1499490,3621035636,1
2069030,2870203884,1
1148850,3957046510,1
1469800,2204745125,498
1957060,1829906060,2
1143520,2996673295,1
1375690,1588401807,2
1153620,672761683,1
1457730,1711942325,3
1419270,1730562678,1
1224260,1736728625,5
1315130,1719198560,2
1343100,3980791664,1
1349610,4045438855,1
2567590,3484610001,1
1307500,1787354718,1
1216280,1125734134,7
1517840,2778490985,1
1000040,2204681615,1
1539980,1713528770,1
1283280,2819087344,1
1470120,2780278835,2
1153930,1602420017,1
2849280,2780865215,6
1037630,891721694,1
1363540,600259397,4
1624950,3509899952,1
1481800,2591875488,2
1887210,1826430575,2
1315840,3980790794,1
1204350,3415007201,3
1242590,2649921080,1
1486690,2531626498,1
1343300,1994456263,1
1334910,3635211242,2
2840542,4070248117,4
1688840,199195966,1
1275640,1713518330,6
2148544538,2614546321,10
2108590,3980789924,1
1236650,2662762245,1
1454740,3241607188,1
2765700,1962753320,1
1003340,1751781400,3
1954090,1198598616,1
1191320,1717612985,1
1257240,1732900137,2
1183090,1957565075,1
2755350,3798610129,2
2836285,3858252550,1
1407970,3497809650,1
1358510,262320725,1
2015400,1820170760,1
1554270,1955728940,2
1449090,1146402261,3
1288430,2991342089,1
1590290,3335272989,1
1587590,2573581209,3
1227370,1251092882,1
2839306,3403209515,1
1183460,3058413828,1
1166510,1926421814,1
1427010,2033145928,2
1275120,1712673125,1
1375260,1957618580,2
1577710,3997169164,1
1336820,3870032381,3
1423000,2035433959,1
1191740,1198595136,2
1514160,1785987492,1
1173660,635311727,1
1577270,1705665440,1
1699910,3821067598,6
1009290,157655575,2
1596960,1877959535,6
1381820,2259293475,1
1884400,2850953818,1
2029100,2204198765,5
1118250,1987521044,1
1477430,1817304037,1
1717070,470144622,2
1593410,3807497920,1
1267860,2367736591,1
1467710,1825847075,5
1378720,2650176009,2
1143240,3265161657,1
1006670,3896857205,4
1222880,2608730800,1
1515380,4112843589,3
1182860,133555423,1
1008630,4283757120,2
1440610,3555008993,1
1446300,770621704,1
1397030,1872919815,1
1531790,2548987209,1
1327180,185021704,1
1314050,3535947549,2
1033940,3544282510,1
1516710,3116830519,1
1474240,1737845270,1
1955810,1716561590,1
1316040,1099165169,1
1221090,1884102991,1
1199150,2373764572,2
2016130,895805329,2
1007310,2546880360,6
1241810,1644223771,4
1226960,2650116830,1
1470290,2769452260,1
1600160,2973736895,2
1565490,1456065232,1
1604160,555230289,2
1574610,4260376821,1
1311070,2343028598,1
1495740,1593634821,1
1989500,1699704686,1
1644930,1733752369,6
1593070,631020816,1
1556100,2001001461,1
1423310,1737097940,15
1252990,2646601595,3
1320640,2783315570,1
1391890,2886992999,1
1516930,1955715020,2
1496730,3208042064,2
1323010,119734298,1
1837240,734258404,1
1201620,2451599726,3
2594120,2522456075,1
1214690,2782183700,1
1318680,3189776031,1
1006450,1727253184,2
1469700,887271026,1
1333240,2786739020,1
5127421,3823114687,1
1204540,3719480500,1
2164640,2567071517,1
1361440,1715487438,4
2121990,2880759335,1
1099990,2245591473,1
1396130,818873351,3
1436840,2798919544,1
1446420,1712207240,4
5539091,2844301916,4
1364520,3842672383,4
1002290,3981069807,1
2179460,3917296660,1
2156830,1742523003,1
2027770,1960027175,1
1368740,422562967,1
1311110,1819875830,4
1228650,2132636602,1
1232880,2129992273,1
1982740,2020658846,1
1399610,3559629008,1
1142350,4108145852,1
1433280,575706861,4
1760710,706274758,1
1585890,1850509799,1
1399520,187655578,1
1304700,1745359009,2
1048400,1788286098,1
2835840,2470553763,3
5139146,882285283,1
1495770,1950397999,1
1264740,1710809585,3
1599120,1745428303,3
1216250,1737089675,6
1305380,1109988858,5
2394370,2008526562,6
1654880,2030206308,1
1560220,427093216,4
1236100,3101717308,1
1216880,3566388804,1
1502860,1712209850,2
1327120,397212964,4
1548940,1355573234,1
1332320,1396670348,1
1012480,3723549732,14
1016880,1990845991,2
1531330,1713838055,2
2205770,1737102725,1
1437160,2476007323,2
1162290,1747301025,4
1050870,1899292313,3
1303810,2633505427,1
1539080,3748912937,2
1536660,3675471872,1
1259140,762214806,6
1445690,2644908063,2
1491520,762772879,1
5379582,2940834275,1
1004130,3849005759,1
1489600,2367577036,1
1005900,229998775,4
1293770,4207662977,2
1538900,2519778818,4
1579470,1715924750,1
2080720,1737092720,1
1224020,1682403321,1
1499290,2650702775,3
1356730,3422642060,3
1238090,2046227872,1
1171450,1826681840,1
1489170,2817607485,6
1108180,327034307,1
1240280,3667519487,3
2846707,2386890432,1
1378490,833670029,1
1326990,4255218510,2
1848980,3313952248,1
1118380,503025009,3
1585150,2970742443,1
1006900,2764735579,1
1586840,2007970197,3
1236620,1490924905,1
1430620,1996973681,4
1628530,3728015329,1
1409250,4245269228,7
2612170,2876434389,2
1489240,3698537219,2
1340450,450331373,8
1768560,4245693540,1
1362490,1963884320,5
1196270,2464049093,1
1382370,1953085445,2
1004500,1508864102,1
1454490,1722419735,1
1539040,1085439509,3
1362640,373308147,2
1490430,1819868435,1
1312880,928457178,3
1181760,2649058475,1
1596690,2257698370,1
1203960,598686438,1
1173990,2965894198,1
1009600,1330442727,1
1141650,4017389240,2
2825978,2997314164,3
2119830,498378638,1
1576150,2154517109,3
1219290,4008536592,1
1288480,3508589528,1
2188720,2785680230,1
1404630,2782770080,3
1450510,2436667141,1
2412340,3992069906,4
1562850,2779806425,1
1357550,360167793,1
1245170,3849024029,1
2153770,1719782765,1
2835690,817794439,1
1158400,970494819,1
1146020,2419377702,1
1477620,2419999003,1
2100900,3209364575,4
2846738,1737572525,3
1293810,4207914842,3
1647340,2311841051,1
2028930,2204758175,239
1158880,808424796,5
1272950,752646240,1
1386970,740079097,1
1007370,4074922593,2
2006640,1174134594,1
2009330,3356674262,1
1605230,2617363606,1
1189600,759072282,1
2220300,2026931629,2
1751140,990232144,1
1205870,1291056226,2
1497980,259217662,1
1472800,3987525683,1
2028980,2204748170,104
1184280,1444026029,1
1452400,3764556049,2
1252680,363439682,1
1997160,2235093769,2
1303890,2632250452,2
1270190,2204768615,5
1549130,220840860,2
2849938,3598246015,1
1043800,1047299170,3
1335080,1150642051,1
2128430,1205705511,1
2019100,3696587703,1
1254370,2298219069,1
1002940,3657161200,6
1530240,842765642,1
1178870,684790119,1
1476920,532947540,1
1632920,2257964092,1
1394280,2194921989,2
1233200,3621943864,1
1584060,3754625698,1
1004590,3208553127,1
1269320,2008529607,5
2082160,1719967640,19
1489160,755725560,1
1337930,3517507565,1
2190730,1043063741,1
1593670,1867082528,2
1261540,1650844795,1
1296400,2007970197,31
1551370,1971379553,1
1467590,3034744741,1
1352130,1198612971,1
1009660,1852170137,7
1465610,2002715133,3
1217730,2644243025,2
2826528,2204210510,3
1197030,1828569740,4
1394250,1714858130,1
2395940,851336471,1
1554580,4115078488,2
1546640,895877539,2
1455210,3214536703,2
1083030,3870599826,3
1224110,1902735543,3
1009470,4283028151,5
1602500,1268794128,1
2252690,2204742080,5
1570480,4130748829,1
1201790,345241408,3
1026550,4000658452,1
2577750,2379601171,1
1367380,3582675278,4
1517480,3012958391,1
2286580,4031247044,1
1451350,1771731161,1
1839570,3297241818,2
1001090,1198050081,1
1365730,974926758,1
1443530,3629871023,1
1343100,3207944189,1
1409640,70938307,8
1204330,1719501755,1
1604570,1176293899,3
1596860,703860741,1
1007130,958263740,6
1595030,4151060268,1
1901140,3398092202,1
1350730,40848492,1
1486650,3534294792,1
1251250,3801966645,1
2020360,1670213696,1
1162940,2346837334,1
2150170,2007969762,2
1861770,1113388859,1
1477390,3383418298,2
2841732,1764664104,1
1196030,2625900413,1
1709230,1907130453,1
2037400,1501174810,1
1257720,102129605,2
2667510,2194917639,3
1404975,2342358459,1
2064850,2123694963,1
1012620,3265025033,5
1157170,460825390,38
2590910,3655521547,3
1189600,3121573537,1
1944660,2289455720,1
1599760,2458675497,1
1583250,895883194,4
5000020,163296647,2
1328710,2526576291,2
1428230,4044808193,1
1001490,3007517265,2
1928670,1339611033,5
1597030,1190649487,1
2087820,625342565,5
2122580,295927224,1
1450330,2633380045,3
1474340,3935187164,1
1430250,2646601595,1
1008770,793689437,1
1303310,2156228958,2
1573190,2781069268,1
1262880,1721592800,2
1486350,1824227570,1
2825953,3495166763,2
1721730,742548592,3
2029080,2204743820,9
1459690,2787579005,2
1395410,850422596,1
2742480,2103556839,1
2399400,1409324517,1
1255060,2786738150,1
1823650,1794672445,4
1583370,1712961095,8
1250090,1716477635,2
1409420,3385224203,1
2563780,2066872288,1
1170000,2406163594,1
1385120,2723072184,4
2222190,2207560125,1
1594280,2974850472,1
2830519,1472777648,4
2834812,2204765135,17
2628160,932039760,2
1132100,2409593832,2
2164610,1318493230,1
1477120,1831737845,2
2828104,1549448622,2
1008910,157196650,2
1554820,1712686175,2
2269410,2204762960,4
1529520,4283590171,17
1538100,1823091350,6
2842282,3918453464,7
1333040,2960607147,2
1318610,3437381511,2
1008120,1286436217,2
2119750,1375180347,1
1362560,2589048991,2
2815900,2031108555,1
1497920,2204389730,1
1436510,1822332275,9
1531530,490233260,1
1404740,395064533,1
1913290,2332345071,1
1012050,2204752085,9
5679438,3150813691,1
1238740,2085694160,1
2188510,3511293258,1
1603990,1829130020,1
1555900,2796154727,1
1594490,1848162704,1
1495060,3248974284,1
1013110,3458298855,1
1401240,4141191140,1
1379060,2031200015,1
2826528,2204757305,10
1468010,3250954812,2
1250720,1219608399,1
5003967,2686871894,1
1524610,1954348685,1
1379430,1944050810,5
1687010,557415194,1
1362790,829537017,1
1289980,1209695693,15
1410750,1964622950,2
2835840,3189552607,10
1441390,1826600495,1
2087820,3736749185,2
1256360,2885268312,1
2835784,3483931639,1
1006970,3897411395,20
1416440,2802067963,1
2796520,1447288685,1
1307550,1377034300,1
1362530,4169204169,3
2195090,3554783332,4
1199720,2545365601,1
1375790,651044232,2
1437110,2396895178,1
1432840,2650122050,1
1437260,1831038800,1
1348870,3329188668,3
1012800,3916709715,4
1488840,1960653140,1
1010030,726196327,6
1059680,2313693957,1
1686930,1928320549,1
1311870,1536129181,1
1067040,947787518,16
2423450,2916020374,1
1599940,1455818762,2
1463650,3344834618,3
1409800,1719700985,1
1358210,1864357329,2
1318090,3223534641,1
1021680,3207727654,1
1111010,3719373055,7
1537820,430414264,1
1463770,1955678045,1
2827352,98345568,1
1250220,1722221375,2
1198180,2261593789,1
1214330,3341891661,1
1280620,347080610,2
1477810,2302013953,1
1406660,1954602290,1
1565230,1962773563,1
1217700,2745979877,1
1577980,895877539,20
1451470,2017641011,15
1445270,1715987825,1
1576200,1850420789,1
2742480,279846853,3
1585420,1246361699,44
1354720,2451599726,1
1475900,4047371261,1
1295060,2587377407,1
1402540,1878475704,1
1506050,355195904,1
1577100,4283574946,5
1223520,2075229232,2
2150610,1824157970,1
2647780,3348830602,1
1559230,2650105085,7
1550570,4000130064,1
1006850,1907655457,4
1360930,1368522139,1
1215210,3949597721,1
2205270,1701717569,1
1004550,914552696,4
1219980,2861341072,3
1355970,4230867177,1
1537980,2885165226,2
2029110,2204743385,61
1358650,1078844127,4
1710610,3078393919,1
2728440,3849209339,2
1310660,922209235,1
1009730,1944904215,1
1400880,949128588,1
1359150,3025844410,2
1750800,3022957677,1
1587040,895800979,7
2029000,2204749475,10
1211510,837646568,3
1165200,4058517920,4
1272780,1711635650,1
1037960,125238181,1
1790880,3747605662,1
1471250,1331216792,1
1410020,3579448790,1
2029090,2204195720,37
1163420,3338693906,1
2160680,608618720,1
2849033,3672783602,1
1544730,1494443535,1
2096970,3189554347,1
1524930,3145946354,8
1298090,3932464807,1
1589340,333234976,1
1304870,2482602573,1
1365520,2784912020,2
1294180,4212197417,2
1375980,880221224,1
1297910,194284697,3
1156640,450043597,1
2003410,697770350,1
2585220,3612136848,1
1599780,3011628576,1
1142630,2373334534,1
1418530,1227400939,1
1333730,2170490450,2
2122310,2204756435,11
1523130,2759975831,1
1473230,1710810455,1
1596930,825880711,2
1549140,1713269510,12
1607310,1824248015,4
1524660,509742606,1
1192680,1819868870,1
1110110,334039738,2
1288570,916307444,5
1575600,468018305,1
1406050,4258650313,1
2076920,2355367156,2
1291600,2668796076,1
2828984,2889566641,1
1310720,1962745925,2
1240180,616650248,1
1937890,2428624724,4
1376760,3448798090,4
1371260,1960654445,2
1165970,1850613059,1
1382440,1830478520,1
1215960,694567870,9
1184280,1768023857,2
2540320,2162397337,1
1203310,2028094621,1
2006580,1960667060,1
1377530,3356969155,4
1586780,3036838434,2
1215810,460230325,3
2026700,524525327,1
1582300,4283574076,17
1333910,1737561215,1
1599760,3011629446,4
1155120,2826027899,3
1391780,1822913435,1
1199330,1715926925,2
1009710,673143721,1
1085040,2019130725,1
1240380,3548220302,1
1358340,1564309720,1
1205830,3475601079,1
1009810,1839882251,1
1855750,1253511620,1
2201000,2519469968,1
1485230,402315221,1
1502390,3723560172,14
1606710,2321361637,1
1580310,3317694168,1
1534040,423248340,2
1002970,3069914929,2
2028960,2204193980,27
1480210,960147876,3
1361650,4136049722,1
1257110,4153292781,2
1836520,2912618834,1
1274120,1597985897,1
1449190,1227856011,2
1430250,3208023359,1
1047750,2864622459,1
1221270,1589949286,1
2837180,1683920887,1
1344370,1712680085,1
1445550,643440767,1
1159930,176415665,1
1419070,2306998490,1
1548370,4237392867,1
1591100,4254783634,2
1940310,2127796522,14
1397680,2378549374,3
1335000,3891668764,1
1167920,3940262362,1
1469800,2204385815,1
2069620,3189539557,14
1054400,3496549204,1
1584695,2653993115,1
1588910,1453708409,1
2482000,198703143,1
2841117,3545235785,5
2849602,1847956514,1
1277250,2921210375,1
2062590,4005780261,1
1162940,2415189196,1
1588880,252433372,1
2089020,2204745995,89
1605840,2194928514,1
1191060,807767026,7
1052780,124774157,1
1412890,252422062,1
1521400,2021898357,10
1896790,2577327574,1
1419360,1743291251,1
2600300,4034210202,1
1284480,4102755251,3
1785710,986271645,1
1009330,3357984352,2
2076480,2785506665,1
1062250,2614410140,3
2834408,3719386105,1
1189280,1219047838,1
1264610,3763394270,2
1257250,1732899267,1
2028920,2204744690,261
2648880,2643875015,1
2266810,2415043681,1
1201170,1362389072,1
1129290,3266316199,1
1163340,1849266734,3
1189000,1010188010,1
1506210,421051540,1
1419120,2070196974,1
1072310,3095037288,5
1346150,3999015736,4
1254440,3783200380,1
1154790,3898722433,1
1115200,1510961041,2
1337200,388950706,1
1546610,1930881757,1
1358660,986015562,2
1496240,2044676316,1
1980660,343686952,1
1632980,2651247830,1
1151390,2302670404,1
1010350,3733216853,1
1523830,11436838,2
1597200,4237396782,2
2820690,895801849,25
1596030,4107826100,1
1414190,1522768460,1
2069620,2470756908,1
1269130,3882568297,6
1530510,1163813301,1
1404320,1957567685,1
1223615,2892243882,1
1429120,3906987036,2
1442830,3428630957,1
1228560,1957619450,2
1504900,706081471,4
1648700,3208877353,2
1588840,2380359213,3
1565440,2008540917,19
2130430,2379602041,1
1012810,593728249,1
1595560,2742700746,1
1397220,1260643081,1
1295740,2032637067,3
2153740,1953844085,1
1288910,3867281304,1
1240250,3582049817,2
1374940,3681433119,1
1592270,2643688400,1
2133450,3657105085,1
1577985,3559791304,1
1457390,163234295,1
1404975,1868087303,1
1165790,2425943189,1
1295080,1819804055,1
1536010,1044700630,1
1449540,2641282849,1
1254130,1732265555,2
1523060,2896646798,1
2832872,464183199,1
1009780,1419800924,2
1483600,2366866870,1
1102990,3766410121,3
1202270,1829130455,1
1001770,852923313,1
1577120,4283579731,4
2069620,2204744690,2
1460180,2450723776,1
1514840,2470761258,1
1423170,2019631867,1
2108050,1967494738,1
1909480,31387393,1
1492670,2652238148,1
1483520,1963239650,1
1361480,1955718935,1
1456360,3629470669,3
1347310,3077343118,2
1459720,2650947680,1
2829588,1674918092,2
1378720,1973154357,1
1444270,1926861842,1
1167280,1845486584,1
1586820,1197025148,2
1588410,2751011542,5
1869690,3069679683,1
1502390,861763429,2
1010080,2470755603,1
1175600,3979023263,1
1378730,1036997843,1
1264770,2026275503,1
1515700,981378551,1
1029430,1682884961,2
1605820,186271137,1
1534520,1953830165,2
1501520,3008634781,1
1260330,1719510455,1
2417350,1855649168,1
1153430,863877541,1
1535890,1824160145,1
1318570,3937235327,5
1575990,2431902689,2
1206050,4157290589,1
2721800,3701614833,1
2834954,1597502671,1
1473230,469733328,1
2061250,1198041381,2
2763370,2783594840,1
1861130,2737537450,1
1244950,2204199200,1
1445450,565302587,2
1367010,3499774718,2
1381160,3370409800,1
2028970,2204756870,60
1352130,1737111425,3
1431670,1636335130,1
2153760,2780870000,1
2738420,2487255375,1
1420680,2411407606,2
1607210,421377453,1
1576650,378932484,2
1305730,2675698614,1
2820240,3954673933,1
2643970,319715906,1
1409600,148313062,1
5137539,2924369638,1
1406150,4113273628,3
1218910,1942557234,1
1402820,3473561593,1
1547450,3813678581,1
1009160,2582732822,1
1308090,1721402270,2
1605820,2194927644,2
1366310,3060763496,1
1100850,2009575800,1
2821450,895789234,1
1450110,3868712298,1
1245470,560135092,2
2746240,1911233293,1
1253800,2822459005,2
1520380,2658055603,1
1236070,1162053595,6
1212330,157551416,3
2210280,426795808,1
1116400,364273653,1
1429310,3984283491,7
1545790,1964622950,2
1956960,1826135045,3
1605420,1041195034,2
1546200,1829137850,3
1576250,2065473914,3
1600720,2829290153,1
1093910,3987016140,2
1155090,2735390864,2
1236640,835286535,1
1366330,3156843956,1
1009550,1750557498,1
2035290,35415393,1
1838460,1648733283,1
1516270,2979956624,2
1305840,4253560605,1
1589190,1448324738,5
1343560,573670637,1
2262080,3131737180,1
1280840,524574760,1
1589060,495126664,4
1008490,2204742515,86
1167690,1379999451,1
1306200,4007786756,1
1955950,1721083850,1
1044910,699641744,1
1334480,2659450613,1
2711110,3941300833,1
1183480,2750630448,1
1220310,108663918,3
1022880,2074377543,1
1582000,1955163875,2
1263210,58670924,2
2037940,851162036,2
1655860,2459154543,1
2826645,2379588121,1
1283250,2852342659,1
1371660,1717555292,1
1579080,3728014894,2
1202150,4220409974,1
1385910,4215132983,1
1215230,2652648095,4
1498130,197270225,1
1633840,2052893039,1
1530670,3935995785,1
1486170,2896354074,1
1425790,3782251294,4
1154340,1232585138,3
1253570,646259259,1
2683060,3074534805,1
2002400,4225356729,1
1295070,460821475,3
1420880,567111201,1
1518550,773206223,1
2028940,2204394515,1
1208640,1329020977,1
1584530,663414222,1
1385370,4227179468,1
2585230,3274934729,3
2737290,3330552275,1
1315720,3723564522,1
1004790,3939408094,2
2800970,3745289850,1
1998130,1729606573,1
1150410,1958398100,3
1409620,3374076458,14
1224690,2204212250,1
1546930,1129846017,2
1451750,4264949164,4
1280310,3129410760,6
1477250,2553952468,2
1007140,4064449313,1
1848680,2643512283,1
1205770,3607414036,1
2278230,3483930334,1
1286400,4225577268,1
1605810,1737102725,3
1430610,460358200,1
2034520,3189140359,2
1592250,1715911700,2
1221060,2004019812,1
1463520,2780378450,6
1244860,2582114353,1
1475910,4048712366,2
1161110,1843344209,1
2115920,843004293,3
1534050,549547110,1
1416830,2787944405,4
5063446,3378372355,1
1371640,761562268,1
2089060,1375182957,4
2647210,2652598940,2
1039300,3534115788,2
1283760,2851478314,1
2269410,2204203115,2
1421090,2393457744,3
1210360,11763711,2
2068190,4170448868,1
1375820,2409756529,2
1594110,2479355298,2
2598820,3900018638,4
1542170,4138925967,2
1008340,3145255706,27
1588760,3350680253,1
1553650,2960519943,1
1504330,3216931340,1
1191080,917182537,1
1530020,3965645007,2
1560050,4283968733,1
1983500,989245437,23
2082140,1448317343,1
1301680,522834194,1
1912650,3973091333,1
1494080,2379308075,7
1514160,56769659,21
1304940,2884881430,1
1585410,3145960709,3
2215430,3242553423,24
1211490,590227268,4
1595730,3681539999,1
1513250,1581408125,3
2846039,2133099505,1
1304400,2199247927,1
1781260,735020209,1
1629200,1827253865,1
1481890,3222069633,1
1426710,3257189915,1
1408130,1439144699,1
1288490,3680740639,1
1134370,3385175137,3
1568780,759012687,1
1081190,3333584068,1
1530610,1136376301,1
1863230,4176731812,1
1956440,1719778850,1
2525950,1712204630,1
1837360,1793378941,1
2207640,3164588931,1
2253310,3808606326,1
1606560,1813975436,7
1005340,1964648434,20
1012740,3737327126,7
2410320,1242909660,1
1121410,2267757046,1
2650710,3283225038,1
1439580,2144495574,3
1252560,4199990493,1
2073830,67609060,1
2002260,2955135098,2
1593480,1786237497,2
1008030,1286422297,1
1399990,1954900265,1
1006200,3681529994,1
1501110,2779825565,2
1395690,2201387344,1
1291730,2651243480,1
1448290,861779089,2
1372010,3790604482,1
1420970,2388460464,1
1008530,3980788184,1
1010320,2112972733,1
1621780,733223632,1
1190120,3535271857,3
1006710,2901880778,1
1327090,1719505670,1
1387240,3145945049,2
1527010,3168290232,1
2028970,2204210945,2
1002290,4059000958,32
1382220,2685571346,1
2733720,2923939665,1
1310290,2158984104,6
1348730,3817181588,1
1303890,550935412,1
2136180,2669995130,1
1279310,1281034997,5
1323500,1397958698,1
1310660,3492243578,1
1325640,3590066631,2
1175570,1711941020,9
1531040,3147795852,2
1343030,1012608193,1
1498460,907453136,2
2086640,2204769050,8
2722790,1363406990,1
2116890,748961489,1
1523060,521359796,1
1453270,3682026544,1
1407460,1113385814,3
1430280,1246356914,1
2823770,628696605,7
1157080,2519463878,14
1955890,1957613795,1
1338180,1339415718,1
1309910,2220096707,2
1337040,2239527252,1
1004880,1984280386,6
1460850,3935364685,2
1209030,2907995084,1
1436540,925086250,1
1009470,3713740821,1
1501720,906958094,1
1597480,2035054639,1
1010530,3971962815,1
1244560,2033211941,1
1171680,1824248015,2
1190020,3530942302,1
1327190,1956045185,2
2076730,1852169702,1
1634500,3574385265,1
1212410,1314667946,2
1588410,1661815850,2
2227600,2305086729,1
1036490,893013781,1
1279250,1874206365,1
5551338,1909597873,4
2074740,1630177671,1
2139720,2204186585,16
1346230,76712070,11
1289780,609542227,1
2526650,4042422022,2
1291070,1721089505,1
2055530,1339424853,10
1547510,4111279341,1
1609560,3999017911,1
1127680,1719936790,1
2082140,1717602545,4
1188790,4042641602,1
1587770,3428479441,3
2028940,2204193110,63
1490010,3342567290,1
1303490,2687428694,1
2082160,2204397125,1
1322700,2492961782,2
1579580,2204202680,1
2130420,3639394588,1
1579070,3299495262,3
2028990,2204383640,1
1600240,1240013827,1
2083570,1391176833,1
5058898,7000102,1
1759650,1950033737,1
1535880,216748198,2
1167960,3684567416,3
1189290,1961006465,2
1166060,1749661335,4
1582710,2798898833,1
1432920,379413752,1
1010080,3189537382,2
1390770,1772442035,4
1592530,949261421,1
2755690,2764800829,2
1446760,1720339565,1
2157180,3824024777,1
1301000,2666466833,2
1575880,2218316375,3
1376600,129806054,1
2093510,3557422227,4
1582670,2754392964,1
2143350,3657100735,3
2013800,229997035,1
1342630,1044025198,1
1640890,4112776677,1
1547720,1154899103,13
1606930,2399657856,1
2028970,3657178600,2
1280100,3093394065,1
1384830,4009102962,2
1199890,283849084,1
1341930,1396928936,1
1324300,1318774933,1
1158450,845342020,2
1519340,3887296920,2
1055000,3802744362,1
1198180,2008539177,1
2029010,2204186150,212
9000009,2886320972,2
1442240,460490718,2
1215260,5935335,2
1459640,2143849405,2
1591240,1186389730,1
2764430,1197716953,1
1804010,3729318245,1
1155980,1935122620,2
1852110,3925141489,1
1180130,2965826744,2
1008430,3768898250,1
1472370,1208402713,1
2229780,1963313165,1
1440600,4102254218,1
2830167,182742146,1
1184160,3465585120,2
1592230,2874376437,1
2039710,780536135,1
1902580,1787769247,2
1232870,2621950303,1
1357300,1732800653,4
1955970,1958396360,2
1382300,252011134,1
1225750,638361122,2
1005680,65229420,1
1421850,4185559434,2
1201210,112512058,1
1003430,394053827,1
1411920,3832019112,1
1983700,1719512630,1
1358510,2923926309,1
1539030,1711573010,1
1111640,3018100640,1
1890180,1065792111,1
1378650,1112823805,2
1553870,2750976963,1
1264540,2755397191,1
1596090,2750211285,2
1445790,1110285701,1
1378640,245864185,3
1375290,2022564410,1
2837492,2915909738,1
1598980,955503860,1
1481480,1828577135,1
2607690,3092137791,1
1587290,2674228661,2
1510640,1717613855,3
1002650,149025526,1
1589600,644188301,1
1516490,2622664429,1
1471140,3189550867,1
1332650,1819878440,1
1313960,3541061844,1
1299040,162456752,1
1008870,839847906,3
1339460,1553652887,1
1467110,1736544185,1
1956230,2788441175,1
1600650,1569734761,1
1223620,1691951559,2
1236890,3099487789,2
2528080,2975140570,1
1311750,2780004785,1
1214330,734842521,1
1179630,1618107791,1
1001140,2610225331,1
1448490,4094291681,5
1403440,1842927604,1
2766150,260228212,1
1429750,588568544,2
1330980,3169819618,1
2225040,1949755245,1
1535910,1827194840,6
1434180,1088889456,5
1516990,1503786864,1
1300250,2450853863,2
1436510,3936344121,3
1500940,1953841910,1
1578700,1708958923,1
1127480,171119046,1
1347180,3081691813,1
1409350,3419292098,1
1033830,2697163034,1
2135680,4008314618,6
1305350,3281859453,1
1275320,374749716,1
1413330,1407398616,2
2456610,1362972579,1
1273900,399416912,1
2765700,1661097812,1
1632180,3980863004,2
1579990,4232399126,1
1469730,508145036,3
1217110,1751785315,1
1478200,3300117408,2
1108540,1596459589,1
1499740,1476905964,4
1597125,2032837650,1
1578850,495123619,3
1425710,4283588866,1
1531940,1714019450,4
1454080,2650187300,1
1315860,2963573620,1
1306470,1829684025,3
2082140,3941299093,1
1550140,842473290,4
1598890,3890659974,1
1174960,1445371684,1
1153890,1607350742,2
1315720,4156671150,3
1004410,1661293997,1
1278410,3076271385,1
1160820,1567538549,3
2076920,2355363241,3
1408810,727520475,1
1151260,1843493539,1
1582860,2062182097,1
1221960,959281777,1
1409110,748966274,1
1517510,1960863245,1
1007720,2301301436,2
1341210,4025279688,3
1298000,4269088923,3
1240750,2001339669,1
1554640,2649927170,2
1366410,1736745155,1
2061290,2272340870,3
2067670,1719507410,2
1371630,4037444362,3
1384860,1595945698,1
1595640,2705462047,2
1585730,3042487173,1
1188490,2294097710,2
1219170,1788145865,1
1369900,3796011903,15
1188420,1542409472,2
1288550,3936345861,1
1169140,3756706152,2
1349610,1142108457,1
1203270,1060618593,9
1542910,3663324284,2
1593100,445601014,4
2733720,2279595028,1
1580820,1955165180,8
1134370,721013033,1
1450750,1143410370,1
2843795,1955175185,1
1416390,656757429,1
1384820,1374834892,1
1653610,2434736529,1
1429250,2834735526,1
1293850,3881239847,3
2841921,1628033719,3
1163170,1840584134,1
1172910,2220733183,1
1317970,3341885526,1
1576150,1827691635,2
2089660,3512137056,1
1508380,597328413,1
1502390,861785614,2
1553120,1955664125,1
1316300,1305136364,3
1578080,2782271135,1
1208920,3657159460,1
1184450,4212899852,1
2829059,843870544,1
1009850,2476928820,1
1604280,3145392164,1
1318870,3573571524,1
2034520,4046945275,1
1604280,1721399660,1
1514140,4021921695,1
1673160,3142638793,1
1005900,3310977855,6
1624810,749651273,1
1155060,2826027464,4
1240530,1722140030,2
1483070,1722230945,1
1537700,4170681377,6
1379210,421486125,1
1132570,3808921417,1
1313830,3451253049,1
2093030,4293666883,2
1596030,1444980457,1
2118410,3434328846,2
1501110,3189352942,1
1075160,1106217847,1
1606560,2257398157,2
1530970,3118856172,1
1012980,4075472354,15
1807840,1726113678,1
1288550,2645853830,20
1294910,2275150213,3
2140120,1692285090,2
1614440,4008535287,1
1169950,936055170,2
1260020,1347626146,1
1929870,2643323000,1
1708620,3678616458,1
1488690,4291420886,1
1000590,3715672209,1
1198880,2881282609,1
1124860,706919610,1
1548550,1271807159,3
2083650,1268087875,1
1445470,561707312,1
1554840,1712686175,4
1304510,476130704,6
2121800,1828208850,1
1577910,1736542445,1
2087950,291797334,2
1296300,1964085544,1
1337300,150346246,1
1007230,3730665568,1
1188690,1542713972,2
1587410,2284596452,1
1009610,3242240223,11
2163480,3265665680,1
1330510,29681622,1
1508750,1824157970,2
2121210,730469490,1
1582440,1997096703,4
1556040,2644238675,1
1266440,241123685,1
1157510,4177008775,1
1006830,3896837630,30
2138180,2399637943,1
1243320,3838772677,1
1529560,4283583646,2
1244630,2407498991,1
2843531,2855473021,1
1593120,1637680853,1
1593820,2650765850,1
2069620,2470758213,2
1008600,3360036863,1
1204810,1954132055,1
1459400,2874072857,1
2401880,704059018,1
1550610,3046197537,1
1416220,2519779253,13
1267220,758670413,1
1399420,3014940637,1
1355810,248335291,3
1236490,1270874500,1
1275130,4004259739,2
1405790,2828738887,2
1590250,556883768,1
1514210,3521523360,2
2423320,1715998700,1
1358870,2144391706,1
1327230,1003547928,1
1753790,1086164130,5
1634640,1612915526,1
2842105,4089332153,1
1333240,2532457999,1
1576870,1448238608,60
1164650,1926120794,1
1229310,3846387429,1
1405800,984607581,5
1599480,1930212222,1
1477130,999472158,4
2080750,1736797355,1
1478750,1713267335,1
2278180,3483938599,1
2029080,3545235785,2
2153790,1713838055,1
1236900,2389903049,2
1583810,3960289355,1
1537370,4252604492,3
1002980,3657104650,34
1171230,3362701676,1
1445380,561519827,1
2087820,4070793607,15
1565440,2008065897,2
1489880,2245257646,2
1610640,1366272164,2
1504060,4254569721,1
1520190,2419086178,2
1010240,693301602,1
1402240,2204394515,1
2839142,1438639325,1
1241880,3216563701,1
1600630,3324363897,1
2737790,811607662,1
1201190,1961359145,4
1166870,2385368129,1
1436360,490525241,1
1422680,3992875639,1
1316680,2538212791,1
1211630,718041578,2
1343950,1331899251,1
2182750,2028690333,1
2212080,4291307806,1
1001200,3941299963,4
1513940,2080703735,1
1367300,558292894,1
1467470,1928121762,1
1414170,1186271151,1
1601260,469739853,5
1875350,563753693,1
1333150,2458675497,1
1454670,3703307053,1
1523450,682424579,2
2029120,2204768180,18
1299740,2695691873,2
1188980,1602098840,1
1589320,3737794182,1
1215640,2698843541,1
1557050,3298514684,2
2080910,2081309495,1
1213280,97444352,1
1205830,1375463626,7
1396590,2247613480,2
1222510,1992271057,1
1529520,3396939927,4
1161720,1933475774,1
1259210,3683820677,1
1403270,389532152,1
1269410,1639911050,1
1306570,2565770145,1
2179110,3087854340,1
2076920,241932418,1
1472750,155138257,5
1163420,508777666,1
2837848,4000215115,1
2846738,4283032501,3
1606560,2821891307,2
9000039,1955183015,2
1535560,1506542554,5
1167350,1367488375,1
1262490,2123199290,1
1495740,1286424472,2
1577980,3559791304,1
1360010,2923483838,2
1397450,1823395415,1
1484710,2653970495,1
1310920,1066982747,1
2157840,1222879472,1
1611020,2294652770,1
1530970,1163801991,1
1009990,2452154786,5
1401210,3883663745,1
1546550,2777659265,1
2229230,2940548293,1
1956560,2650199045,2
1605870,2194932429,2
1317340,3551557266,2
1155020,3265029383,1
2404720,1594033590,2
1601300,1023932504,1
5055272,2879367302,10
1253570,856848650,1
1451160,1712769260,1
1310730,1521963167,11
1042620,562226794,1
2728330,2113257106,1
1628530,1661086937,17
2760320,2023179755,3
1560240,930412648,1
1392580,1712394290,7
1527000,3168291102,2
1850800,1875301516,1
1293560,354503001,2
1566210,327559794,1
2842294,1814796308,1
2394370,2204760785,40
1284130,195800531,1
1283190,3064717489,8
2841117,3545592050,1
1522370,3964286816,1
1315810,192936779,2
1221520,2204211815,1
1854640,3430025962,1
1477480,2558028853,1
1153700,1928854411,1
1854880,2606769218,1
1299670,2645068655,1
1593830,801293400,1
1588760,4214403587,1
1597890,3991669848,4
1500330,1712407340,6
1415520,2519767073,1
2194050,100441280,3
1009010,1085256980,1
1580260,1711062755,3
1517760,2817346806,1
1196540,2204210945,1
1442110,212684268,2
1628500,548169701,16
2836878,1207387799,1
1306380,1712211590,1
1507180,5550891,1
1494070,3216803859,1
2460500,1917845857,1
1313580,1661298782,43
1212380,158588891,2
1156990,2057055593,1
1166460,1934041709,1
1504800,4095546439,1
2821500,1737107075,1
1225500,2805419827,1
1483920,3873838834,4
1597540,3635275182,1
1566240,2188834779,2
1011770,2021892267,1
2252690,2204384510,1
2843288,1830478520,1
2741430,1751797495,1
1802420,3871849108,9
1294940,1962749405,2
1579110,1518746816,1
1387210,1711636085,3
1426680,2779179155,24
1184160,4250676078,1
1415150,1439840481,3
1421940,509172383,2
1236600,1280042995,3
1550980,2654733485,2
1584090,2482074605,1
1366770,3952592753,3
1221690,3179418317,1
1465590,3525459948,2
1219750,1586522413,3
2834573,1360883539,1
2147622121,1736665153,1
1592100,1355670732,1
1368370,3465161333,1
1375610,4283029021,28
1589500,3864570592,2
2068900,2066682328,1
1386840,738774097,1
2119750,2294650595,14
1102220,2329156918,1
1164510,1665959651,2
1486200,2510892309,2
1318620,681167243,1
1614060,1329020542,2
2650740,3183172742,1
2067900,2652648095,2
1284220,1713509630,1
1304970,2684750118,1
1604800,3831925586,1
1320830,4293065264,1
2139640,90874184,1
1467720,2428854837,2
2394710,426783193,2
1141500,427207425,15
2837063,2720419255,1
1483160,2257409973,1
1427340,3135530155,1
2273780,1956040400,1
1250610,1740979880,2
1167350,2429732039,1
1378390,3865635062,1
1402730,3499277923,1
1522150,1953828425,2
2119310,3581655729,1
1582120,1721673275,3
1199030,1390919917,1
1049330,927559922,2
1457030,1182369212,1
1528160,1878977961,1
2522950,1492277217,1
1351830,2783613545,2
1032910,442372822,1
1127610,1962113008,1
1483780,718937863,1
1283380,1464285371,1
1000580,2007967152,2
2733720,4242422106,1
1827500,3671418263,1
1260670,1711638260,1
1189170,1851054560,3
1219890,3202748524,1
1522050,721734519,3
1483150,3487075016,1
2846333,4012432694,1
1172310,1959272015,1
1288940,1980404051,1
1504560,3224687234,1
1645770,4062187773,2
2722660,4006740231,1
1004820,1408327406,1
1316380,1963055210,3
2847522,1684427733,3
2102080,1445456942,1
1981450,1814667578,1
1338240,2094085577,2
2415020,2787583790,1
1598530,652135941,2
2829327,2973591034,1
1530510,3944824167,6
1334570,3889686904,2
1315840,1953013670,12
1329590,731201245,4
2555520,1623929974,1
2835730,3743570205,1
1181420,548926003,1
1008590,642149062,8
1208840,3657167290,1
1920240,157179250,1
1707920,1885705899,1
1207230,1964347595,1
1489420,2124534706,1
2029130,2204766005,14
1162090,1927160444,1
1365040,2785697195,5
1333330,1524741462,4
1362970,3720053254,1
1591330,2644511692,3
1208870,2019398281,1
1410590,3145970279,1
1593910,2247594377,1
1006600,354416260,1
1770060,1948469978,1
1609260,3754093541,1
2836993,129161056,6
1221110,1851340096,1
1123780,199113316,1
2667500,246539352,1
1366300,3584250027,1
1406030,1915639062,1
1442500,1963290110,1
1005460,851346911,5
1579840,1713264290,5
1579070,351558918,14
1338180,2094651512,3
1198170,1737854405,3
1397310,2811073132,3
1000420,2008528737,6
1456650,2904850006,1
1527110,3145968539,8
1171820,2470568553,1
1908750,2016733975,1
1386050,1459704146,1
1432920,70749291,1
1167270,1932649709,1
1385480,4138731353,1
1514460,4185922218,1
1541900,2169398293,2
1577890,3633774318,1
1178940,2314820826,3
1599430,162203411,1
1287280,3692993670,1
1374550,3703172209,1
1397840,620275506,1
2137720,3896848070,9
1236940,1590938155,1
2005870,491310293,1
1335480,2235577008,1
1427340,2393973547,1
1205900,1619371171,1
1324520,757914897,1
1444150,1286424472,2
1355850,332236351,4
1011740,521358926,2
2126990,639483463,2
1423310,4283588866,1
1629170,1822253105,2
1001760,2623265975,1
1307180,3376652132,1
1610740,164883432,1
1433820,3315436927,1
1596860,4059332374,2
2083140,1442558716,1
1587040,1847411251,13
1577640,1721593670,1
1384830,2971507209,7
2727840,3825764521,1
1454970,3234688078,5
1335500,2027917139,1
1305990,44399515,6
5087880,808852658,7
1368670,3719592833,1
1584460,1737109250,4
1577985,3940738813,2
1451150,3837223345,1
1486650,354212646,1
2061250,3598271678,1
1004540,1313752330,1
1466940,4151017543,1
1556410,1122007241,1
1481590,1831038469,1
2136890,2749783340,7
1513530,1211238785,4
1147330,2204400170,1
1578040,1711618250,2
1379620,2161932305,1
1409150,1737569915,2
1225130,1337862113,2
2735690,1822347500,1
1253040,2146273792,2
2537250,234695776,1
1309650,1956872120,1
1352170,1737111425,2
2234080,2822473795,1
1074410,512596480,1
1220310,745623217,1
2083100,1955678045,2
1419990,1829125235,2
1141760,685249584,1
1193060,2440597130,1
1283490,2848826989,1
2797820,2535498515,1
1797990,56595416,3
1030950,3926883197,1